@0000000080001000
72e5cb52d6d356b0
cc9c5e36f6dbfdb9
762e7f13eab0a0ac
b662515c9301d56c
60682614bccfd914
66a703727179da2a
4aa29a58da02a9af
30a2f169b8a762f2
a29c9aca5ee92df4
a774df8fa127c575
a82585e1445cd087
9974600c2848c090
184b6ba69257f61a
8b4f107d5e904257
d9c9665c59996586
5a5e1c9e9a83a4e8
2da912262007c686
6b2566e2645e9595
999cde0ac3af2a7a
f625e5446d22e0dc
00000000201dfe35
0000000000000000
0000000000000000
0000000000000000
0000000000000000
0000000000000000
0000000000000000
0000000000000000
0000000000000000
0000000000000000
0000000000000000
0000000000000000
94a254dcacd5d0d0
f3f64e80eb96d839
127de490c6451eeb
546f6696ae8686fb
d97a9a70591c9d71
917166a2517d5858
69a71549c3eca775
177f7e6862a2ca64
aeb3356529ad9f56
2332368aa82ab925
f67a57992b0bd0e6
581706a2311e97f6
c22f61e3a99a6258
da7901939212d060
1e665095a5a56153
8eca7ade4f511456
9fa12520396286a9
5a69d12b26e60551
9583b1fae9cd6a5a
2a2b091196a52371
0000001cd839b534
0000000000000000
0000000000000000
0000000000000000
0000000000000000
0000000000000000
0000000000000000
0000000000000000
0000000000000000
0000000000000000
0000000000000000
0000000000000000
72e5cd647c35ad28
53ea13fa7ffdde39
fc947641daaf8f0a
1121b1b46cf8e1f8
ca6a02f49b08cc3d
63eccd94dac6d5ab
f45d15564f2af347
b95b23492d498850
f50530b4b1391533
bcb7b31adcb22f6d
cb13211687226a90
252333335abececa
b3f484ced0cd6c2d
fa64382e4aa2a8bd
b4ab6bab9fbd37f2
eb92fe9e92d392d2
6e48d4980407f546
287ca4510b2e2f8e
5a25b354948cd9de
4b2c25132e27a534
0000000d0b6b094d
0000000000000000
0000000000000000
0000000000000000
0000000000000000
0000000000000000
0000000000000000
0000000000000000
0000000000000000
0000000000000000
0000000000000000
0000000000000000
7329ccf494950420
548cfab9d5dccda8
0f1a8de9d0f2cdd4
4eec1c5c31ac8a0b
a77c5c4e4d354556
f44cc8b0a3e7aa42
c0d751756d7b21b0
1ceae6ccf223452c
46d6d3fb5d60f1d5
aba3754f54745525
3b60eb29a8641d0e
c8cc457b1814553d
23252937d3cb97ce
5646118a853ba80b
f0ca5654bcc49011
c704ed2549cfec84
eaf4c4d5d2d34d51
4e5505a5092faf4a
cec9e985a6b2d554
82c0a2b714e4e4c3
000000445beb6afb
0000000000000000
0000000000000000
0000000000000000
0000000000000000
0000000000000000
0000000000000000
0000000000000000
0000000000000000
0000000000000000
0000000000000000
0000000000000000
94e5cdfd374a53b0
d0f4ecb0dfb7fdb9
01411b9676770949
96b6f2a9a061073c
86b1971969f95959
59dab9e1476d24e6
a0f4909ad998a84e
5f56d6564e8d8dc3
5c8f0780a4e6674b
655172f829055d5c
068a2aa67e5a1795
281e5a1a4efcd683
598a5260541a1b57
61ef4c3d1248ae9d
1e1a555d5c5df557
aeb479d989c0d89c
93c0dcaeb477e69a
2a7046c8ea468596
541736327d58196a
c1da96c501bcafe8
0000007b5d9aaaba
0000000000000000
0000000000000000
0000000000000000
0000000000000000
0000000000000000
0000000000000000
0000000000000000
0000000000000000
0000000000000000
0000000000000000
0000000000000000
94e5cb327a27aca8
34310183fbf3ddb9
d549292d49e9192a
78b89c6951d8cfc6
51839a996a2291b3
6bf7e68289a8aa39
9e9f5b194107c1f3
8a98bc7d70b4a585
ba495b9674acd0ce
b0337151536f6b2a
56407004683fa88d
856666a6b519b91e
51d6554d392f2b89
06a29296d8ca9243
4a4ac9da6284b777
68ba865a7336b4fc
5fd63c45f4a884a4
a6564768ea89557c
7a682a0890c2e326
a525fd929355e5dd
0000000370ec6864
0000000000000000
0000000000000000
0000000000000000
0000000000000000
0000000000000000
0000000000000000
0000000000000000
0000000000000000
0000000000000000
0000000000000000
0000000000000000
72e545253d128928
2b9b53367577134a
9910284b3b153aad
2692585f5516aea3
6451878423c6fa27
6828f9ddbca4e952
3549685e96771756
a5ae2c9cdc7169a5
d90a2296a9a79585
b159511c1d7d8796
5592b236321b9425
1fe07d47f9fada5f
73021e8d99dadab2
0d8d9759b9854470
4dc6a60297b3b9e9
ff50c0e06b39fd6a
2ba79095e6d229a7
4ac9c991735dd5d7
857598b5f4a59d69
2c0fe99eda616825
00000009eb4b97af
0000000000000000
0000000000000000
0000000000000000
0000000000000000
0000000000000000
0000000000000000
0000000000000000
0000000000000000
0000000000000000
0000000000000000
0000000000000000
72a1cacb4944cb88
d203f7addf7b3c39
3b121c9e1f440193
270539360d47a6be
2d90ff63faecd0a9
405d1c4e4adfcef6
a6a5896268686a66
9d9db176c62e9ba8
515302d66167a9c9
6296665097154d62
a49b94864e6761e3
04897ffca625e686
4e0afa6e879b17d7
562e645a9446425e
c0e763224aaca924
2ac4e858a7c6c656
a3e4a63a3b135c4e
65599cae24f5b19b
7f5199ea7ab4b636
2485816954530216
0000169bea467b64
0000000000000000
0000000000000000
0000000000000000
0000000000000000
0000000000000000
0000000000000000
0000000000000000
0000000000000000
0000000000000000
0000000000000000
0000000000000000
94a1cb7b53273450
95cca0eaeee6e8b9
52231327bb540b13
5054a569494b04fa
949c8aa367c75778
86905ad9b1b495d5
593a564e65e72642
c9aa979506462a13
123359596c23ebc9
a69a968509525593
98696d849d5c8d75
e0b590194aea989a
a42726de9ba569c8
15b9a99e5535d5a0
635d9b4a12485fd6
65d6fa9aa225b602
c297b3b39232aca0
fc08fe0ab3a427a6
afb079aaa63c3746
9a3949584987658d
00001dd3c0987e5e
0000000000000000
0000000000000000
0000000000000000
0000000000000000
0000000000000000
0000000000000000
0000000000000000
0000000000000000
0000000000000000
0000000000000000
0000000000000000
50e5cc746c54d670
2047d8d45ddd9d4a
e4e5d6823115d200
b262534dc86965c3
817a0989c9c0d852
9fd68571d6dc95fa
d9e5515059a90da9
635557369e94b079
1605c9919b593a46
32bbb333f2f26854
5d9bb9697f4c87d6
c571485e9a8a1e66
919b96452d361355
2b2ad25a696c1dd5
d9655c98a94da7a4
2d23e2da646c6869
20f922a0eab3b22c
c1a58a4b9aba6765
9579b82b570719f9
544d0b9b2faaa0e4
0000009b9b5a3999
0000000000000000
0000000000000000
0000000000000000
0000000000000000
0000000000000000
0000000000000000
0000000000000000
0000000000000000
0000000000000000
0000000000000000
0000000000000000
729e528b4137b6b0
cd775e67bdef7628
20151bba3c780c2d
32fed4d95a013518
38b5d22b4539393a
540cbcb825042d13
a8d0cc0c4d1d2fb2
eeca82d4c4c78524
3d0155d3f4a4dee5
cb4fec056526ad6d
145490b5aecc54ba
94c955150c4c3534
af0c452b35b013fa
8581c5c7047cf0b2
b12ecb8aecdbd134
315691c802bc6ca4
db55414fecdd6d25
2b6383e6450fa442
d69e12d13070242b
b7b3fb5f6674937a
000050517202e4aa
0000000000000000
0000000000000000
0000000000000000
0000000000000000
0000000000000000
0000000000000000
0000000000000000
0000000000000000
0000000000000000
0000000000000000
0000000000000000
72e5cd0d7b2e31b0
c3335aacaedfae4a
a6e5dc80db59fed3
55a3c4cdea336532
023bdfd30136b715
692e2b4e06762b2c
83a86835c2f6b48d
a8b4b4dcd6baac2a
2b53574bd6928aae
572ab252db6f5449
c8ccdd132ea7c21b
21455fd97a52bac0
347cc4bd3a1d559d
aed9d17353415353
cd9f4819de092e76
3830741549373b9d
dcc4cca228ad7d67
c4cad612cad4bcb8
84b4e268137c1fd2
235b914f85c10fed
00000000015f2fa5
0000000000000000
0000000000000000
0000000000000000
0000000000000000
0000000000000000
0000000000000000
0000000000000000
0000000000000000
0000000000000000
0000000000000000
0000000000000000
72e651c929303050
2bed1ca0ed99deb9
93b64783ba436926
a9291dd5eda40672
51a09e53e139616e
4c8a5a66300b82d1
c8ccb64983b2927a
6b8b079aae699a66
0e776866a519b0a5
9448e2ca5964e666
24a5fdece0582dd9
2a8a9eda79e1a4af
b98074e9be8e4b9a
e156183a46496468
bda59f9534bc8407
d498790d84925b89
6064a8c729a26ac1
1390a4b79117d69a
b8425614d5399d9e
499d5c5916365617
00000000007d5a58
0000000000000000
0000000000000000
0000000000000000
0000000000000000
0000000000000000
0000000000000000
0000000000000000
0000000000000000
0000000000000000
0000000000000000
0000000000000000
50e5ccf48caf35d0
694d6f6bddf33d39
54e68e39195ab81f
7da1a5e45733ab9f
04ad7e769091da89
abb9a18a961f13fa
6e92e00606ca2525
55d95c60e625a570
3527ab09edaa9dd7
a2d4d93c26ea5888
2ae7a5ed64591ad1
3aca715b1674b436
ae9a95e589bba1a9
683a26b4b37b3955
f5371a5bb9c180a6
e53590c6be342705
8598580aba929415
daea6e585719d8d4
a45f646526627957
54d8e95d8e9b96c4
0000a7a76302ea6a
0000000000000000
0000000000000000
0000000000000000
0000000000000000
0000000000000000
0000000000000000
0000000000000000
0000000000000000
0000000000000000
0000000000000000
0000000000000000
72e542f3273a2ca8
51607bde6d9b2039
49887cc19e07d974
b499d8091d70f8a9
07de58163ce021e1
ceb0c9e626958d00
9c7e1a5665ec3a1b
40582bf5b541d0d7
2a4a8b9298a95dbe
ce54e4e33a321b59
44bc1977e662d6ce
9b733811580a5e60
638cdd70385673fa
b67c6c6a797d4668
9d98fa6aa7901616
b535ae9b15262aa0
6d6ce6160e7b72b5
5b6884c1e667352d
794d646a2949b29c
11dae8ec8ca1a785
0000000005f6ca3d
0000000000000000
0000000000000000
0000000000000000
0000000000000000
0000000000000000
0000000000000000
0000000000000000
0000000000000000
0000000000000000
0000000000000000
0000000000000000
72a1c988b2cfd670
c2e893ea6e6c964a
135c9f03948d8466
9c6c63f9aa1a4233
c6913ba910404f21
d90195939bdaeadc
fa2965f02747561a
8cc47505351e1786
95f5c5e4e5465eb5
654fcb9905565f54
674f00686324d5dd
a86775b9755c56d1
4575849dda1a1e84
53652859598f91d7
d544bcc4ee28c90d
34ad32ab88d0331e
7237497039baded0
54c5cd9890527c3c
35c0e92415d5aa95
979a299db0a266f5
00000000072541bb
0000000000000000
0000000000000000
0000000000000000
0000000000000000
0000000000000000
0000000000000000
0000000000000000
0000000000000000
0000000000000000
0000000000000000
0000000000000000
94e5cb83733dae88
ca5f405d7ffbfe39
d711c93332b8a708
424a564bccc4bac7
5bc96ca4aaaf3272
ed5cc6cf47e2ab29
0f3227a140f2a02d
8889a90334b6d169
e197b42beab2f89c
4bcdea0290d94c08
354fd6ae186a257b
d9fa72f0abad4b93
254152559504fcce
b6ab6c9ce09c0bcc
8aab7126aeeb12d8
b2e66cea83013aab
32b3024e3fb6f41c
251b2f25639ae2b4
9811331393c4d97d
49a0c8bc31561f87
000009cd14dae569
0000000000000000
0000000000000000
0000000000000000
0000000000000000
0000000000000000
0000000000000000
0000000000000000
0000000000000000
0000000000000000
0000000000000000
0000000000000000
72e654b496e4f7b0
29cad280f7effd39
9bd918a8dc13922d
36d2e272128a88a4
ced49544c8b9a9ee
cbfb731f16b626b0
faeaf51372decbcc
2c4cd4d6e67094c4
3b354dca6ab38bbe
dbcc4a9a425945e2
aa9a6648d2f55498
feb0b39514f8a42b
751b2e2e293aa4d0
2fb4b544e8dc55b5
d34acab4b072cb05
3c45d7b3133d26b2
afeb32a8a2ad8ad2
8bd87f55736abca2
b63e92d853555522
f0d451b292aeaab0
00000149585293aa
0000000000000000
0000000000000000
0000000000000000
0000000000000000
0000000000000000
0000000000000000
0000000000000000
0000000000000000
0000000000000000
0000000000000000
0000000000000000
72e5caf329392b68
ab234377fefff9b9
09f2123978e4d64b
d0abb4946481ad0c
48cb63713c30f2c2
64aae9eecc5ce4d9
ad2fca7b472cb0b4
d303213fa9ed4cd4
4d4bc96c44f8b234
5712ab294fcc6ca5
1eeab8ac6c9d2b4d
a0355c010923ae4e
1146492a83592fa4
7274b4f4ac3255ad
15295cd0343cf6e0
ba30b30b39415414
73226e1b92760efa
174557354cdeb9b5
9b10a0edcd0a6a83
2b2c2ba33b636563
0001454ccc0bc345
0000000000000000
0000000000000000
0000000000000000
0000000000000000
0000000000000000
0000000000000000
0000000000000000
0000000000000000
0000000000000000
0000000000000000
0000000000000000
952944fcf0c9cee8
d09fd8296db23639
ab6c2d7d28b3f2e2
25371cd0bc807421
8b6a90dbcb0a3331
206150526280cd4c
8a94a9afcba2d704
7a84a8018bcc5613
5f3835f1a0eca4a9
2eaa334f3331f1c1
b2b57535006fca30
6b13195d48ac44e2
8eaca9a97143332b
2b0c350b514e0d3c
4cbab53575cca8b8
a434532ad6ebea4d
2d048ad5d6929ad2
1745d652724c66e9
a4c49d013eaaaa5b
a2eea5aa8cdc6837
00000000f8d94c2a
0000000000000000
0000000000000000
0000000000000000
0000000000000000
0000000000000000
0000000000000000
0000000000000000
0000000000000000
0000000000000000
0000000000000000
0000000000000000
94e5cb7b5d3b2928
208e379877ffda39
480cd4ae9f9084d1
4b400084ca32eec6
d5cce2b6ad4e4f03
296b17d34af09895
32683b2ee9b11028
1396737b1f405012
ca7ac8a835f45d09
bac05053f32d3aa9
6dedeca6c053139a
b50124ab4a2b2766
4f5093db2729b695
ca9365484544cd51
9cacaece46d2bf28
b4b1812f5f5254fc
f8cabdaeabba5423
9779266559303551
d8ded494c52546d5
f573db394c4744c4
0000000e6c3cc2e7
0000000000000000
0000000000000000
0000000000000000
0000000000000000
0000000000000000
0000000000000000
0000000000000000
0000000000000000
0000000000000000
0000000000000000
0000000000000000
72e5caa31b21b1d0
a123d6773daf7a28
3d69372172bce344
40da3b326a33b2b4
fe0f0d5bccaa9323
80b4b0146d192839
cccd250932b191e0
bd251f1473fae2c9
7e019d23612033f5
c6ba32b32b195dd2
d3b29b5b4dd112ea
04a4bc32f34b454e
1ff1b21a723537d5
2eec7c5833b6ee1f
bb3b4d4bac256337
d9498c5ca4dacaeb
55fc583e39fd5488
f6925b6a9c561955
74662f32732b7961
13637f3e2c7b4002
00000c2a3b154251
0000000000000000
0000000000000000
0000000000000000
0000000000000000
0000000000000000
0000000000000000
0000000000000000
0000000000000000
0000000000000000
0000000000000000
0000000000000000
72e5ca931b425090
fc74d0ffefff59b9
0a0309cdacc8db59
722ea94af372880e
4548fecee970b1f0
a52a8c4c80cbd7f9
1f48d45262871046
c82a9b293e31b1c9
7c7c4f46632a82c0
3824c3aaf6cc4dec
4c5c743e2e0b4355
bcbbaaecc561178e
45820a98b13ad938
549ed9c9cddd2f4b
d4bcccb5225ac1fe
f08e0c8c8c9ed8d0
b2345d3f48d5d322
c29ab727c6ae4a36
555394bd1967e623
b5dd772d2765955f
000011751d015dd0
0000000000000000
0000000000000000
0000000000000000
0000000000000000
0000000000000000
0000000000000000
0000000000000000
0000000000000000
0000000000000000
0000000000000000
0000000000000000
72e5cadab0d64420
53fb273ffeffd7b9
c0bf35966ee8cb54
9e72629cac381c0c
161bd1e93736ae0b
9acf5bbadb1d05da
b39424ca951075ac
736d4dc94ced3d34
9f8f2b2395e1f473
79516d575414acba
f4b2adebcaead158
e820b75426aecb82
1d91728ac69e1aff
4aa2f4d5d4b3f34d
5d393253632f3c2b
2c4cfcdea6b712eb
3d5328b2562f8dac
26a4e4c4bed45114
b32292a72c2d0d37
673d2f2d3cf6b7b6
00001075410c8dd5
0000000000000000
0000000000000000
0000000000000000
0000000000000000
0000000000000000
0000000000000000
0000000000000000
0000000000000000
0000000000000000
0000000000000000
0000000000000000
50e5cb032b3030b0
3c504f7b5ed7a4b9
da8a0ae54a440c8c
73c468a068f0c899
6b63f1949c84cbc2
ab8e069edf4d2af3
0309534b4ded0b3b
0110f42ca29a9752
dece49ebd3fa3004
492cc4f88f8c4d9c
2315575073234b5d
b0b6b55ccad2d332
c60e90b0b4d4ccce
367382d4cdc5f2c1
d32f5649ae0e9cbf
4ec6e62f295c5352
6cfcfac64aabe337
664348cd1cc8cf4c
d85c055d30387c9c
e31a05f2b42c92c3
00000483f286c1cc
0000000000000000
0000000000000000
0000000000000000
0000000000000000
0000000000000000
0000000000000000
0000000000000000
0000000000000000
0000000000000000
0000000000000000
0000000000000000
5129ca6b075acb68
d0cffd2aeaeed839
aaa0bf617456d645
cb9b393636307c53
2b4908bc749cc5cc
bcf0dfd4d18082a6
b437f5852d51c8ac
5e6f5966f6155cb8
e0e6eecc9484e679
b271109abf2faae2
94f0a434b31b2b31
494f0ad2e6b8b1b5
03e383b1a8ed7509
2aea42c4a038fe8b
0d593aa782e2eca5
b42fed4d1f22a92d
129a7a485614548e
2a4ba409e11f4151
331f32af2bab4f1a
a429ed35132aaf0b
000000061c40cf78
0000000000000000
0000000000000000
0000000000000000
0000000000000000
0000000000000000
0000000000000000
0000000000000000
0000000000000000
0000000000000000
0000000000000000
0000000000000000
72e5cb1b054748a8
37154d313dfef8ca
caec3e52800452b2
ab3c13fd435f6752
13a33d190acb1393
bdd2529646c6cdd3
4742ab7b47537363
738bad2f6a1aa2c3
12d3a237da862782
2d3d383d953d1792
b793cb2d4bcb4dad
82785d58da0383a5
b236158d7f343092
aac3c3ca5432c2bc
3f27ab6c3d2721ab
f1027ea6b8292a3b
a735d5749ee67120
843482c350f56cdc
4550cfad3c3e4246
6199911de5cfcb93
000000007c1d19b9
0000000000000000
0000000000000000
0000000000000000
0000000000000000
0000000000000000
0000000000000000
0000000000000000
0000000000000000
0000000000000000
0000000000000000
0000000000000000
72e5cc9d333cb330
e1adfeff3f57eea7
5616d670c898f879
7c4d169605399e9e
8a028da4684aa26d
c5da53326a6151d8
3cececb09495c6f2
95fb7d63ae306d74
9625e94f51d8298d
91d7d5c5f88be21b
ca9ebd868dad69bf
3d2ba744bc6259da
2ea0174465ebe91d
4f6d2ad9ed566c6a
17f57d3d2ca86a72
5a5865a9ca268996
6dadae06a2a425c6
355185a60726ae55
1c8df5331a5b1941
1a7e6366f6029d9e
000000003612d766
0000000000000000
0000000000000000
0000000000000000
0000000000000000
0000000000000000
0000000000000000
0000000000000000
0000000000000000
0000000000000000
0000000000000000
0000000000000000
94e5cae3474149a8
100fceef91fddeca
1d2d11594a6287aa
8e89c969aba6eab9
e6fe6373bdbcbc86
7d62ab294991a365
986a46291914668a
019da426954d949d
4b47146216426775
76692424809eb1fa
12628eb8aea6f6d2
a9b59e17467e615b
95d706da98ae29d9
9ca26187ab03c794
ea29493c1013e189
62a89317d549a3a0
75f85a82b8870716
357967662c8eee6e
6d63287a76666c65
9465c9809858f8d8
00000006e5956350
0000000000000000
0000000000000000
0000000000000000
0000000000000000
0000000000000000
0000000000000000
0000000000000000
0000000000000000
0000000000000000
0000000000000000
0000000000000000
9529cca585b0a780
e6f4943d697fdbb9
92fb8d950b6e068a
c29a8becfce6b237
cd6d0498c7cd6c1c
372767450f8857d8
4a4a521f8ecd6509
1b21286bead08e88
5b331e2ae48079a9
53d193e2c8c1cb8b
4cf57f0f0fccd537
fca1ac696882980f
4a6ded554dcfcc54
5a9caab919a87a53
b92beb332967edcb
eb4b3733b2b34ba1
29554f6a42d2dccd
2f0aa2e4d6ca69e9
d2beb42eed1d87bf
5e4b6baa6847c7a3
00000051d6947537
0000000000000000
0000000000000000
0000000000000000
0000000000000000
0000000000000000
0000000000000000
0000000000000000
0000000000000000
0000000000000000
0000000000000000
0000000000000000
72e653fb3f23b1b0
593c1d1b79dfedb9
2e82b43a1d6496d2
2795612a1f113da3
5aa7a92755e15a67
89bd006451f52a1a
6c6869b9a9371059
dcddad96a7a909c5
0a979cda4a4a391c
6963b1699ea02222
8ded415a9b79dd49
989f9445999b931c
3dd1caac8dc51676
62e9e9fd4d545185
45856968a9eb3766
86a62625e999aea6
ba340b671a9cee6e
99917363a8056851
7e73784ae69f95da
6575e5bb9f997991
000000041585b7a6
0000000000000000
0000000000000000
0000000000000000
0000000000000000
0000000000000000
0000000000000000
0000000000000000
0000000000000000
0000000000000000
0000000000000000
0000000000000000
94e65332eabe3710
f0f432b2dcfd6e39
0ba61659e9f56405
b1a9356067a5a512
7663eb0b8abcd853
b81d4c7446d0943c
038fe2f7d27b6d39
15fde860aca33a9b
095ecd6afaeab935
cdcb9ab6c6cf8b83
be82c14b0ac38dd1
8bb3f248d1c9fb1e
8fb2a782d2dcc9ce
250461034a490bfb
2d2cacecd89b827f
53631543ca889909
ccc5458474c2d0d4
2bcb9b313d37d1f0
55bfaa2f0c154536
5853755c4a198464
000000001315a53d
0000000000000000
0000000000000000
0000000000000000
0000000000000000
0000000000000000
0000000000000000
0000000000000000
0000000000000000
0000000000000000
0000000000000000
0000000000000000
8102008020080200
0000000000000040
0000000000000000
0000000000000000
0000000000000000
0000000000000000
0000000000000000
0000000000000000
0000000000000000
0000000000000000
0000000000000000
0000000000000000
0000000000000000
0000000000000000
0000000000000000
0000000000000000
0000000000000000
0000000000000000
0000000000000000
0000000000000000
0000000000000000
0000000000000000
0000000000000000
0000000000000000
0000000000000000
0000000000000000
0000000000000000
0000000000000000
0000000000000000
0000000000000000
0000000000000000
0000000000000000
0000000000000000
0000000000000000
0000000000000000
0000000000000000
0000000000000000
0000000000000000
0000000000000000
0000000000000000
0000000000000000
0000000000000000
0000000000000000
0000000000000000
0000000000000000
0000000000000000
0000000000000000
0000000000000000
8102008020080200
0000000000000040
0000000000000000
0000000000000000
0000000000000000
0000000000000000
0000000000000000
0000000000000000
0000000000000000
0000000000000000
0000000000000000
0000000000000000
0000000000000000
0000000000000000
0000000000000000
0000000000000000
0000000000000000
0000000000000000
0000000000000000
0000000000000000
0000000000000000
0000000000000000
0000000000000000
0000000000000000
0000000000000000
0000000000000000
0000000000000000
0000000000000000
0000000000000000
0000000000000000
0000000000000000
0000000000000000
8102008020080200
0000000000000040
0000000000000000
0000000000000000
0000000000000000
0000000000000000
0000000000000000
0000000000000000
0000000000000000
0000000000000000
0000000000000000
0000000000000000
0000000000000000
0000000000000000
0000000000000000
0000000000000000
8102008020080200
0000000000000040
0000000000000000
0000000000000000
0000000000000000
0000000000000000
0000000000000000
0000000000000000
0000000000000000
0000000000000000
0000000000000000
0000000000000000
0000000000000000
0000000000000000
0000000000000000
0000000000000000
0000000000000000
0000000000000000
0000000000000000
0000000000000000
0000000000000000
0000000000000000
0000000000000000
0000000000000000
0000000000000000
0000000000000000
0000000000000000
0000000000000000
0000000000000000
0000000000000000
0000000000000000
0000000000000000
8102008020080200
0000000000000040
0000000000000000
0000000000000000
0000000000000000
0000000000000000
0000000000000000
0000000000000000
0000000000000000
0000000000000000
0000000000000000
0000000000000000
0000000000000000
0000000000000000
0000000000000000
0000000000000000
0000000000000000
0000000000000000
0000000000000000
0000000000000000
0000000000000000
0000000000000000
0000000000000000
0000000000000000
0000000000000000
0000000000000000
0000000000000000
0000000000000000
0000000000000000
0000000000000000
0000000000000000
0000000000000000
0000000000000000
0000000000000000
0000000000000000
0000000000000000
0000000000000000
0000000000000000
0000000000000000
0000000000000000
0000000000000000
0000000000000000
0000000000000000
0000000000000000
0000000000000000
0000000000000000
0000000000000000
0000000000000000
8102008020080200
0000000000000040
0000000000000000
0000000000000000
0000000000000000
0000000000000000
0000000000000000
0000000000000000
0000000000000000
0000000000000000
0000000000000000
0000000000000000
0000000000000000
0000000000000000
0000000000000000
0000000000000000
0000000000000000
0000000000000000
0000000000000000
0000000000000000
0000000000000000
0000000000000000
0000000000000000
0000000000000000
0000000000000000
0000000000000000
0000000000000000
0000000000000000
0000000000000000
0000000000000000
0000000000000000
0000000000000000
8102008020080200
0000000000000040
0000000000000000
0000000000000000
0000000000000000
0000000000000000
0000000000000000
0000000000000000
0000000000000000
0000000000000000
0000000000000000
0000000000000000
0000000000000000
0000000000000000
0000000000000000
0000000000000000
8102008020080200
0000000000000040
0000000000000000
0000000000000000
0000000000000000
0000000000000000
0000000000000000
0000000000000000
0000000000000000
0000000000000000
0000000000000000
0000000000000000
0000000000000000
0000000000000000
0000000000000000
0000000000000000
0000000000000000
0000000000000000
0000000000000000
0000000000000000
0000000000000000
0000000000000000
0000000000000000
0000000000000000
0000000000000000
0000000000000000
0000000000000000
0000000000000000
0000000000000000
0000000000000000
0000000000000000
0000000000000000
8102075fd7f5fd78
0000000000000040
0000000000000000
0000000000000000
0000000000000000
0000000000000000
0000000000000000
0000000000000000
0000000000000000
0000000000000000
0000000000000000
0000000000000000
0000000000000000
0000000000000000
0000000000000000
0000000000000000
0000000000000000
0000000000000000
0000000000000000
0000000000000000
0000000000000000
0000000000000000
0000000000000000
0000000000000000
0000000000000000
0000000000000000
0000000000000000
0000000000000000
0000000000000000
0000000000000000
0000000000000000
0000000000000000
0000000000000000
0000000000000000
0000000000000000
0000000000000000
0000000000000000
0000000000000000
0000000000000000
0000000000000000
0000000000000000
0000000000000000
0000000000000000
0000000000000000
0000000000000000
0000000000000000
0000000000000000
0000000000000000
8102075fd7f5fd78
0000000000000040
0000000000000000
0000000000000000
0000000000000000
0000000000000000
0000000000000000
0000000000000000
0000000000000000
0000000000000000
0000000000000000
0000000000000000
0000000000000000
0000000000000000
0000000000000000
0000000000000000
0000000000000000
0000000000000000
0000000000000000
0000000000000000
0000000000000000
0000000000000000
0000000000000000
0000000000000000
0000000000000000
0000000000000000
0000000000000000
0000000000000000
0000000000000000
0000000000000000
0000000000000000
0000000000000000
8102075fd7f5fd78
0000000000000040
0000000000000000
0000000000000000
0000000000000000
0000000000000000
0000000000000000
0000000000000000
0000000000000000
0000000000000000
0000000000000000
0000000000000000
0000000000000000
0000000000000000
0000000000000000
0000000000000000
8102075fd7f5fd78
0000000000000040
0000000000000000
0000000000000000
0000000000000000
0000000000000000
0000000000000000
0000000000000000
0000000000000000
0000000000000000
0000000000000000
0000000000000000
0000000000000000
0000000000000000
0000000000000000
0000000000000000
0000000000000000
0000000000000000
0000000000000000
0000000000000000
0000000000000000
0000000000000000
0000000000000000
0000000000000000
0000000000000000
0000000000000000
0000000000000000
0000000000000000
0000000000000000
0000000000000000
0000000000000000
0000000000000000
8102075fd7f5fd78
0000000000000040
0000000000000000
0000000000000000
0000000000000000
0000000000000000
0000000000000000
0000000000000000
0000000000000000
0000000000000000
0000000000000000
0000000000000000
0000000000000000
0000000000000000
0000000000000000
0000000000000000
0000000000000000
0000000000000000
0000000000000000
0000000000000000
0000000000000000
0000000000000000
0000000000000000
0000000000000000
0000000000000000
0000000000000000
0000000000000000
0000000000000000
0000000000000000
0000000000000000
0000000000000000
0000000000000000
0000000000000000
0000000000000000
0000000000000000
0000000000000000
0000000000000000
0000000000000000
0000000000000000
0000000000000000
0000000000000000
0000000000000000
0000000000000000
0000000000000000
0000000000000000
0000000000000000
0000000000000000
0000000000000000
8102075fd7f5fd78
0000000000000040
0000000000000000
0000000000000000
0000000000000000
0000000000000000
0000000000000000
0000000000000000
0000000000000000
0000000000000000
0000000000000000
0000000000000000
0000000000000000
0000000000000000
0000000000000000
0000000000000000
0000000000000000
0000000000000000
0000000000000000
0000000000000000
0000000000000000
0000000000000000
0000000000000000
0000000000000000
0000000000000000
0000000000000000
0000000000000000
0000000000000000
0000000000000000
0000000000000000
0000000000000000
0000000000000000
8102075fd7f5fd78
0000000000000040
0000000000000000
0000000000000000
0000000000000000
0000000000000000
0000000000000000
0000000000000000
0000000000000000
0000000000000000
0000000000000000
0000000000000000
0000000000000000
0000000000000000
0000000000000000
0000000000000000
8102075fd7f5fd78
0000000000000040
0000000000000000
0000000000000000
0000000000000000
0000000000000000
0000000000000000
0000000000000000
0000000000000000
0000000000000000
0000000000000000
0000000000000000
0000000000000000
0000000000000000
0000000000000000
0000000000000000
0000000000000000
0000000000000000
0000000000000000
0000000000000000
0000000000000000
0000000000000000
0000000000000000
0000000000000000
0000000000000000
0000000000000000
0000000000000000
0000000000000000
0000000000000000
0000000000000000
0000000000000000
0000000000000000
8102008020080200
0000000000000040
0000000000000000
0000000000000000
0000000000000000
0000000000000000
0000000000000000
0000000000000000
0000000000000000
0000000000000000
0000000000000000
0000000000000000
0000000000000000
0000000000000000
0000000000000000
0000000000000000
0000000000000000
0000000000000000
0000000000000000
0000000000000000
0000000000000000
0000000000000000
0000000000000000
0000000000000000
0000000000000000
0000000000000000
0000000000000000
0000000000000000
0000000000000000
0000000000000000
0000000000000000
0000000000000000
0000000000000000
0000000000000000
0000000000000000
0000000000000000
0000000000000000
0000000000000000
0000000000000000
0000000000000000
0000000000000000
0000000000000000
0000000000000000
0000000000000000
0000000000000000
0000000000000000
0000000000000000
0000000000000000
8102008020080200
0000000000000040
0000000000000000
0000000000000000
0000000000000000
0000000000000000
0000000000000000
0000000000000000
0000000000000000
0000000000000000
0000000000000000
0000000000000000
0000000000000000
0000000000000000
0000000000000000
0000000000000000
0000000000000000
0000000000000000
0000000000000000
0000000000000000
0000000000000000
0000000000000000
0000000000000000
0000000000000000
0000000000000000
0000000000000000
0000000000000000
0000000000000000
0000000000000000
0000000000000000
0000000000000000
0000000000000000
8102008020080200
0000000000000040
0000000000000000
0000000000000000
0000000000000000
0000000000000000
0000000000000000
0000000000000000
0000000000000000
0000000000000000
0000000000000000
0000000000000000
0000000000000000
0000000000000000
0000000000000000
0000000000000000
8102008020080200
0000000000000040
0000000000000000
0000000000000000
0000000000000000
0000000000000000
0000000000000000
0000000000000000
0000000000000000
0000000000000000
0000000000000000
0000000000000000
0000000000000000
0000000000000000
0000000000000000
0000000000000000
0000000000000000
0000000000000000
0000000000000000
0000000000000000
0000000000000000
0000000000000000
0000000000000000
0000000000000000
0000000000000000
0000000000000000
0000000000000000
0000000000000000
0000000000000000
0000000000000000
0000000000000000
0000000000000000
8102008020080200
0000000000000040
0000000000000000
0000000000000000
0000000000000000
0000000000000000
0000000000000000
0000000000000000
0000000000000000
0000000000000000
0000000000000000
0000000000000000
0000000000000000
0000000000000000
0000000000000000
0000000000000000
0000000000000000
0000000000000000
0000000000000000
0000000000000000
0000000000000000
0000000000000000
0000000000000000
0000000000000000
0000000000000000
0000000000000000
0000000000000000
0000000000000000
0000000000000000
0000000000000000
0000000000000000
0000000000000000
0000000000000000
0000000000000000
0000000000000000
0000000000000000
0000000000000000
0000000000000000
0000000000000000
0000000000000000
0000000000000000
0000000000000000
0000000000000000
0000000000000000
0000000000000000
0000000000000000
0000000000000000
0000000000000000
8102008020080200
0000000000000040
0000000000000000
0000000000000000
0000000000000000
0000000000000000
0000000000000000
0000000000000000
0000000000000000
0000000000000000
0000000000000000
0000000000000000
0000000000000000
0000000000000000
0000000000000000
0000000000000000
0000000000000000
0000000000000000
0000000000000000
0000000000000000
0000000000000000
0000000000000000
0000000000000000
0000000000000000
0000000000000000
0000000000000000
0000000000000000
0000000000000000
0000000000000000
0000000000000000
0000000000000000
0000000000000000
8102008020080200
0000000000000040
0000000000000000
0000000000000000
0000000000000000
0000000000000000
0000000000000000
0000000000000000
0000000000000000
0000000000000000
0000000000000000
0000000000000000
0000000000000000
0000000000000000
0000000000000000
0000000000000000
8102008020080200
0000000000000040
0000000000000000
0000000000000000
0000000000000000
0000000000000000
0000000000000000
0000000000000000
0000000000000000
0000000000000000
0000000000000000
0000000000000000
0000000000000000
0000000000000000
0000000000000000
0000000000000000
0000000000000000
0000000000000000
0000000000000000
0000000000000000
0000000000000000
0000000000000000
0000000000000000
0000000000000000
0000000000000000
0000000000000000
0000000000000000
0000000000000000
0000000000000000
0000000000000000
0000000000000000
0000000000000000
8102075fd7f5fd78
0000000000000040
0000000000000000
0000000000000000
0000000000000000
0000000000000000
0000000000000000
0000000000000000
0000000000000000
0000000000000000
0000000000000000
0000000000000000
0000000000000000
0000000000000000
0000000000000000
0000000000000000
0000000000000000
0000000000000000
0000000000000000
0000000000000000
0000000000000000
0000000000000000
0000000000000000
0000000000000000
0000000000000000
0000000000000000
0000000000000000
0000000000000000
0000000000000000
0000000000000000
0000000000000000
0000000000000000
0000000000000000
0000000000000000
0000000000000000
0000000000000000
0000000000000000
0000000000000000
0000000000000000
0000000000000000
0000000000000000
0000000000000000
0000000000000000
0000000000000000
0000000000000000
0000000000000000
0000000000000000
0000000000000000
8102075fd7f5fd78
0000000000000040
0000000000000000
0000000000000000
0000000000000000
0000000000000000
0000000000000000
0000000000000000
0000000000000000
0000000000000000
0000000000000000
0000000000000000
0000000000000000
0000000000000000
0000000000000000
0000000000000000
0000000000000000
0000000000000000
0000000000000000
0000000000000000
0000000000000000
0000000000000000
0000000000000000
0000000000000000
0000000000000000
0000000000000000
0000000000000000
0000000000000000
0000000000000000
0000000000000000
0000000000000000
0000000000000000
8102075fd7f5fd78
0000000000000040
0000000000000000
0000000000000000
0000000000000000
0000000000000000
0000000000000000
0000000000000000
0000000000000000
0000000000000000
0000000000000000
0000000000000000
0000000000000000
0000000000000000
0000000000000000
0000000000000000
8102075fd7f5fd78
0000000000000040
0000000000000000
0000000000000000
0000000000000000
0000000000000000
0000000000000000
0000000000000000
0000000000000000
0000000000000000
0000000000000000
0000000000000000
0000000000000000
0000000000000000
0000000000000000
0000000000000000
0000000000000000
0000000000000000
0000000000000000
0000000000000000
0000000000000000
0000000000000000
0000000000000000
0000000000000000
0000000000000000
0000000000000000
0000000000000000
0000000000000000
0000000000000000
0000000000000000
0000000000000000
0000000000000000
8102075fd7f5fd78
0000000000000040
0000000000000000
0000000000000000
0000000000000000
0000000000000000
0000000000000000
0000000000000000
0000000000000000
0000000000000000
0000000000000000
0000000000000000
0000000000000000
0000000000000000
0000000000000000
0000000000000000
0000000000000000
0000000000000000
0000000000000000
0000000000000000
0000000000000000
0000000000000000
0000000000000000
0000000000000000
0000000000000000
0000000000000000
0000000000000000
0000000000000000
0000000000000000
0000000000000000
0000000000000000
0000000000000000
0000000000000000
0000000000000000
0000000000000000
0000000000000000
0000000000000000
0000000000000000
0000000000000000
0000000000000000
0000000000000000
0000000000000000
0000000000000000
0000000000000000
0000000000000000
0000000000000000
0000000000000000
0000000000000000
8102075fd7f5fd78
0000000000000040
0000000000000000
0000000000000000
0000000000000000
0000000000000000
0000000000000000
0000000000000000
0000000000000000
0000000000000000
0000000000000000
0000000000000000
0000000000000000
0000000000000000
0000000000000000
0000000000000000
0000000000000000
0000000000000000
0000000000000000
0000000000000000
0000000000000000
0000000000000000
0000000000000000
0000000000000000
0000000000000000
0000000000000000
0000000000000000
0000000000000000
0000000000000000
0000000000000000
0000000000000000
0000000000000000
8102075fd7f5fd78
0000000000000040
0000000000000000
0000000000000000
0000000000000000
0000000000000000
0000000000000000
0000000000000000
0000000000000000
0000000000000000
0000000000000000
0000000000000000
0000000000000000
0000000000000000
0000000000000000
0000000000000000
8102075fd7f5fd78
0000000000000040
0000000000000000
0000000000000000
0000000000000000
0000000000000000
0000000000000000
0000000000000000
0000000000000000
0000000000000000
0000000000000000
0000000000000000
0000000000000000
0000000000000000
0000000000000000
0000000000000000
0000000000000000
0000000000000000
0000000000000000
0000000000000000
0000000000000000
0000000000000000
0000000000000000
0000000000000000
0000000000000000
0000000000000000
0000000000000000
0000000000000000
0000000000000000
0000000000000000
0000000000000000
0000000000000000
81020292a4a92a48
0000000000000040
0000000000000000
0000000000000000
0000000000000000
0000000000000000
0000000000000000
0000000000000000
0000000000000000
0000000000000000
0000000000000000
0000000000000000
0000000000000000
0000000000000000
0000000000000000
0000000000000000
0000000000000000
0000000000000000
0000000000000000
0000000000000000
0000000000000000
0000000000000000
0000000000000000
0000000000000000
0000000000000000
0000000000000000
0000000000000000
0000000000000000
0000000000000000
0000000000000000
0000000000000000
0000000000000000
0000000000000000
0000000000000000
0000000000000000
0000000000000000
0000000000000000
0000000000000000
0000000000000000
0000000000000000
0000000000000000
0000000000000000
0000000000000000
0000000000000000
0000000000000000
0000000000000000
0000000000000000
0000000000000000
81020292a4a92a48
0000000000000040
0000000000000000
0000000000000000
0000000000000000
0000000000000000
0000000000000000
0000000000000000
0000000000000000
0000000000000000
0000000000000000
0000000000000000
0000000000000000
0000000000000000
0000000000000000
0000000000000000
0000000000000000
0000000000000000
0000000000000000
0000000000000000
0000000000000000
0000000000000000
0000000000000000
0000000000000000
0000000000000000
0000000000000000
0000000000000000
0000000000000000
0000000000000000
0000000000000000
0000000000000000
0000000000000000
81020292a4a92a48
0000000000000040
0000000000000000
0000000000000000
0000000000000000
0000000000000000
0000000000000000
0000000000000000
0000000000000000
0000000000000000
0000000000000000
0000000000000000
0000000000000000
0000000000000000
0000000000000000
0000000000000000
81020292a4a92a48
0000000000000040
0000000000000000
0000000000000000
0000000000000000
0000000000000000
0000000000000000
0000000000000000
0000000000000000
0000000000000000
0000000000000000
0000000000000000
0000000000000000
0000000000000000
0000000000000000
0000000000000000
0000000000000000
0000000000000000
0000000000000000
0000000000000000
0000000000000000
0000000000000000
0000000000000000
0000000000000000
0000000000000000
0000000000000000
0000000000000000
0000000000000000
0000000000000000
0000000000000000
0000000000000000
0000000000000000
81020292a4a92a48
0000000000000040
0000000000000000
0000000000000000
0000000000000000
0000000000000000
0000000000000000
0000000000000000
0000000000000000
0000000000000000
0000000000000000
0000000000000000
0000000000000000
0000000000000000
0000000000000000
0000000000000000
0000000000000000
0000000000000000
0000000000000000
0000000000000000
0000000000000000
0000000000000000
0000000000000000
0000000000000000
0000000000000000
0000000000000000
0000000000000000
0000000000000000
0000000000000000
0000000000000000
0000000000000000
0000000000000000
0000000000000000
0000000000000000
0000000000000000
0000000000000000
0000000000000000
0000000000000000
0000000000000000
0000000000000000
0000000000000000
0000000000000000
0000000000000000
0000000000000000
0000000000000000
0000000000000000
0000000000000000
0000000000000000
81020292a4a92a48
0000000000000040
0000000000000000
0000000000000000
0000000000000000
0000000000000000
0000000000000000
0000000000000000
0000000000000000
0000000000000000
0000000000000000
0000000000000000
0000000000000000
0000000000000000
0000000000000000
0000000000000000
0000000000000000
0000000000000000
0000000000000000
0000000000000000
0000000000000000
0000000000000000
0000000000000000
0000000000000000
0000000000000000
0000000000000000
0000000000000000
0000000000000000
0000000000000000
0000000000000000
0000000000000000
0000000000000000
81020292a4a92a48
0000000000000040
0000000000000000
0000000000000000
0000000000000000
0000000000000000
0000000000000000
0000000000000000
0000000000000000
0000000000000000
0000000000000000
0000000000000000
0000000000000000
0000000000000000
0000000000000000
0000000000000000
81020292a4a92a48
0000000000000040
0000000000000000
0000000000000000
0000000000000000
0000000000000000
0000000000000000
0000000000000000
0000000000000000
0000000000000000
0000000000000000
0000000000000000
0000000000000000
0000000000000000
0000000000000000
0000000000000000
0000000000000000
0000000000000000
0000000000000000
0000000000000000
0000000000000000
0000000000000000
0000000000000000
0000000000000000
0000000000000000
0000000000000000
0000000000000000
0000000000000000
0000000000000000
0000000000000000
0000000000000000
0000000000000000
8102055555555550
0000000000000040
0000000000000000
0000000000000000
0000000000000000
0000000000000000
0000000000000000
0000000000000000
0000000000000000
0000000000000000
0000000000000000
0000000000000000
0000000000000000
0000000000000000
0000000000000000
0000000000000000
0000000000000000
0000000000000000
0000000000000000
0000000000000000
0000000000000000
0000000000000000
0000000000000000
0000000000000000
0000000000000000
0000000000000000
0000000000000000
0000000000000000
0000000000000000
0000000000000000
0000000000000000
0000000000000000
0000000000000000
0000000000000000
0000000000000000
0000000000000000
0000000000000000
0000000000000000
0000000000000000
0000000000000000
0000000000000000
0000000000000000
0000000000000000
0000000000000000
0000000000000000
0000000000000000
0000000000000000
0000000000000000
8102055555555550
0000000000000040
0000000000000000
0000000000000000
0000000000000000
0000000000000000
0000000000000000
0000000000000000
0000000000000000
0000000000000000
0000000000000000
0000000000000000
0000000000000000
0000000000000000
0000000000000000
0000000000000000
0000000000000000
0000000000000000
0000000000000000
0000000000000000
0000000000000000
0000000000000000
0000000000000000
0000000000000000
0000000000000000
0000000000000000
0000000000000000
0000000000000000
0000000000000000
0000000000000000
0000000000000000
0000000000000000
8102055555555550
0000000000000040
0000000000000000
0000000000000000
0000000000000000
0000000000000000
0000000000000000
0000000000000000
0000000000000000
0000000000000000
0000000000000000
0000000000000000
0000000000000000
0000000000000000
0000000000000000
0000000000000000
8102055555555550
0000000000000040
0000000000000000
0000000000000000
0000000000000000
0000000000000000
0000000000000000
0000000000000000
0000000000000000
0000000000000000
0000000000000000
0000000000000000
0000000000000000
0000000000000000
0000000000000000
0000000000000000
0000000000000000
0000000000000000
0000000000000000
0000000000000000
0000000000000000
0000000000000000
0000000000000000
0000000000000000
0000000000000000
0000000000000000
0000000000000000
0000000000000000
0000000000000000
0000000000000000
0000000000000000
0000000000000000
8102055555555550
0000000000000040
0000000000000000
0000000000000000
0000000000000000
0000000000000000
0000000000000000
0000000000000000
0000000000000000
0000000000000000
0000000000000000
0000000000000000
0000000000000000
0000000000000000
0000000000000000
0000000000000000
0000000000000000
0000000000000000
0000000000000000
0000000000000000
0000000000000000
0000000000000000
0000000000000000
0000000000000000
0000000000000000
0000000000000000
0000000000000000
0000000000000000
0000000000000000
0000000000000000
0000000000000000
0000000000000000
0000000000000000
0000000000000000
0000000000000000
0000000000000000
0000000000000000
0000000000000000
0000000000000000
0000000000000000
0000000000000000
0000000000000000
0000000000000000
0000000000000000
0000000000000000
0000000000000000
0000000000000000
0000000000000000
8102055555555550
0000000000000040
0000000000000000
0000000000000000
0000000000000000
0000000000000000
0000000000000000
0000000000000000
0000000000000000
0000000000000000
0000000000000000
0000000000000000
0000000000000000
0000000000000000
0000000000000000
0000000000000000
0000000000000000
0000000000000000
0000000000000000
0000000000000000
0000000000000000
0000000000000000
0000000000000000
0000000000000000
0000000000000000
0000000000000000
0000000000000000
0000000000000000
0000000000000000
0000000000000000
0000000000000000
0000000000000000
8102055555555550
0000000000000040
0000000000000000
0000000000000000
0000000000000000
0000000000000000
0000000000000000
0000000000000000
0000000000000000
0000000000000000
0000000000000000
0000000000000000
0000000000000000
0000000000000000
0000000000000000
0000000000000000
8102055555555550
0000000000000040
0000000000000000
0000000000000000
0000000000000000
0000000000000000
0000000000000000
0000000000000000
0000000000000000
0000000000000000
0000000000000000
0000000000000000
0000000000000000
0000000000000000
0000000000000000
0000000000000000
0000000000000000
0000000000000000
0000000000000000
0000000000000000
0000000000000000
0000000000000000
0000000000000000
0000000000000000
0000000000000000
0000000000000000
0000000000000000
0000000000000000
0000000000000000
0000000000000000
0000000000000000
0000000000000000
81020292a4a92a48
0000000000000040
0000000000000000
0000000000000000
0000000000000000
0000000000000000
0000000000000000
0000000000000000
0000000000000000
0000000000000000
0000000000000000
0000000000000000
0000000000000000
0000000000000000
0000000000000000
0000000000000000
0000000000000000
0000000000000000
0000000000000000
0000000000000000
0000000000000000
0000000000000000
0000000000000000
0000000000000000
0000000000000000
0000000000000000
0000000000000000
0000000000000000
0000000000000000
0000000000000000
0000000000000000
0000000000000000
0000000000000000
0000000000000000
0000000000000000
0000000000000000
0000000000000000
0000000000000000
0000000000000000
0000000000000000
0000000000000000
0000000000000000
0000000000000000
0000000000000000
0000000000000000
0000000000000000
0000000000000000
0000000000000000
81020292a4a92a48
0000000000000040
0000000000000000
0000000000000000
0000000000000000
0000000000000000
0000000000000000
0000000000000000
0000000000000000
0000000000000000
0000000000000000
0000000000000000
0000000000000000
0000000000000000
0000000000000000
0000000000000000
0000000000000000
0000000000000000
0000000000000000
0000000000000000
0000000000000000
0000000000000000
0000000000000000
0000000000000000
0000000000000000
0000000000000000
0000000000000000
0000000000000000
0000000000000000
0000000000000000
0000000000000000
0000000000000000
81020292a4a92a48
0000000000000040
0000000000000000
0000000000000000
0000000000000000
0000000000000000
0000000000000000
0000000000000000
0000000000000000
0000000000000000
0000000000000000
0000000000000000
0000000000000000
0000000000000000
0000000000000000
0000000000000000
81020292a4a92a48
0000000000000040
0000000000000000
0000000000000000
0000000000000000
0000000000000000
0000000000000000
0000000000000000
0000000000000000
0000000000000000
0000000000000000
0000000000000000
0000000000000000
0000000000000000
0000000000000000
0000000000000000
0000000000000000
0000000000000000
0000000000000000
0000000000000000
0000000000000000
0000000000000000
0000000000000000
0000000000000000
0000000000000000
0000000000000000
0000000000000000
0000000000000000
0000000000000000
0000000000000000
0000000000000000
0000000000000000
81020292a4a92a48
0000000000000040
0000000000000000
0000000000000000
0000000000000000
0000000000000000
0000000000000000
0000000000000000
0000000000000000
0000000000000000
0000000000000000
0000000000000000
0000000000000000
0000000000000000
0000000000000000
0000000000000000
0000000000000000
0000000000000000
0000000000000000
0000000000000000
0000000000000000
0000000000000000
0000000000000000
0000000000000000
0000000000000000
0000000000000000
0000000000000000
0000000000000000
0000000000000000
0000000000000000
0000000000000000
0000000000000000
0000000000000000
0000000000000000
0000000000000000
0000000000000000
0000000000000000
0000000000000000
0000000000000000
0000000000000000
0000000000000000
0000000000000000
0000000000000000
0000000000000000
0000000000000000
0000000000000000
0000000000000000
0000000000000000
81020292a4a92a48
0000000000000040
0000000000000000
0000000000000000
0000000000000000
0000000000000000
0000000000000000
0000000000000000
0000000000000000
0000000000000000
0000000000000000
0000000000000000
0000000000000000
0000000000000000
0000000000000000
0000000000000000
0000000000000000
0000000000000000
0000000000000000
0000000000000000
0000000000000000
0000000000000000
0000000000000000
0000000000000000
0000000000000000
0000000000000000
0000000000000000
0000000000000000
0000000000000000
0000000000000000
0000000000000000
0000000000000000
81020292a4a92a48
0000000000000040
0000000000000000
0000000000000000
0000000000000000
0000000000000000
0000000000000000
0000000000000000
0000000000000000
0000000000000000
0000000000000000
0000000000000000
0000000000000000
0000000000000000
0000000000000000
0000000000000000
81020292a4a92a48
0000000000000040
0000000000000000
0000000000000000
0000000000000000
0000000000000000
0000000000000000
0000000000000000
0000000000000000
0000000000000000
0000000000000000
0000000000000000
0000000000000000
0000000000000000
0000000000000000
0000000000000000
0000000000000000
0000000000000000
0000000000000000
0000000000000000
0000000000000000
0000000000000000
0000000000000000
0000000000000000
0000000000000000
0000000000000000
0000000000000000
0000000000000000
0000000000000000
0000000000000000
0000000000000000
0000000000000000
8102055555555550
0000000000000040
0000000000000000
0000000000000000
0000000000000000
0000000000000000
0000000000000000
0000000000000000
0000000000000000
0000000000000000
0000000000000000
0000000000000000
0000000000000000
0000000000000000
0000000000000000
0000000000000000
0000000000000000
0000000000000000
0000000000000000
0000000000000000
0000000000000000
0000000000000000
0000000000000000
0000000000000000
0000000000000000
0000000000000000
0000000000000000
0000000000000000
0000000000000000
0000000000000000
0000000000000000
0000000000000000
0000000000000000
0000000000000000
0000000000000000
0000000000000000
0000000000000000
0000000000000000
0000000000000000
0000000000000000
0000000000000000
0000000000000000
0000000000000000
0000000000000000
0000000000000000
0000000000000000
0000000000000000
0000000000000000
8102055555555550
0000000000000040
0000000000000000
0000000000000000
0000000000000000
0000000000000000
0000000000000000
0000000000000000
0000000000000000
0000000000000000
0000000000000000
0000000000000000
0000000000000000
0000000000000000
0000000000000000
0000000000000000
0000000000000000
0000000000000000
0000000000000000
0000000000000000
0000000000000000
0000000000000000
0000000000000000
0000000000000000
0000000000000000
0000000000000000
0000000000000000
0000000000000000
0000000000000000
0000000000000000
0000000000000000
0000000000000000
8102055555555550
0000000000000040
0000000000000000
0000000000000000
0000000000000000
0000000000000000
0000000000000000
0000000000000000
0000000000000000
0000000000000000
0000000000000000
0000000000000000
0000000000000000
0000000000000000
0000000000000000
0000000000000000
8102055555555550
0000000000000040
0000000000000000
0000000000000000
0000000000000000
0000000000000000
0000000000000000
0000000000000000
0000000000000000
0000000000000000
0000000000000000
0000000000000000
0000000000000000
0000000000000000
0000000000000000
0000000000000000
0000000000000000
0000000000000000
0000000000000000
0000000000000000
0000000000000000
0000000000000000
0000000000000000
0000000000000000
0000000000000000
0000000000000000
0000000000000000
0000000000000000
0000000000000000
0000000000000000
0000000000000000
0000000000000000
8102055555555550
0000000000000040
0000000000000000
0000000000000000
0000000000000000
0000000000000000
0000000000000000
0000000000000000
0000000000000000
0000000000000000
0000000000000000
0000000000000000
0000000000000000
0000000000000000
0000000000000000
0000000000000000
0000000000000000
0000000000000000
0000000000000000
0000000000000000
0000000000000000
0000000000000000
0000000000000000
0000000000000000
0000000000000000
0000000000000000
0000000000000000
0000000000000000
0000000000000000
0000000000000000
0000000000000000
0000000000000000
0000000000000000
0000000000000000
0000000000000000
0000000000000000
0000000000000000
0000000000000000
0000000000000000
0000000000000000
0000000000000000
0000000000000000
0000000000000000
0000000000000000
0000000000000000
0000000000000000
0000000000000000
0000000000000000
8102055555555550
0000000000000040
0000000000000000
0000000000000000
0000000000000000
0000000000000000
0000000000000000
0000000000000000
0000000000000000
0000000000000000
0000000000000000
0000000000000000
0000000000000000
0000000000000000
0000000000000000
0000000000000000
0000000000000000
0000000000000000
0000000000000000
0000000000000000
0000000000000000
0000000000000000
0000000000000000
0000000000000000
0000000000000000
0000000000000000
0000000000000000
0000000000000000
0000000000000000
0000000000000000
0000000000000000
0000000000000000
8102055555555550
0000000000000040
0000000000000000
0000000000000000
0000000000000000
0000000000000000
0000000000000000
0000000000000000
0000000000000000
0000000000000000
0000000000000000
0000000000000000
0000000000000000
0000000000000000
0000000000000000
0000000000000000
8102055555555550
0000000000000040
0000000000000000
0000000000000000
0000000000000000
0000000000000000
0000000000000000
0000000000000000
0000000000000000
0000000000000000
0000000000000000
0000000000000000
0000000000000000
0000000000000000
0000000000000000
0000000000000000
0000000000000000
0000000000000000
0000000000000000
0000000000000000
0000000000000000
0000000000000000
0000000000000000
0000000000000000
0000000000000000
0000000000000000
0000000000000000
0000000000000000
0000000000000000
0000000000000000
0000000000000000
0000000000000000
2040029aaca32d68
000000015d692c90
20fc800000000000
0c41ffe101886040
177bdfff104420d4
0000000000000000
0000000000000000
0000000000000000
0000000000000000
0000000000000000
0000000000000000
0000000000000000
0000000000000000
0000000000000000
0000000000000000
0000000000000000
0000000000000000
0000000000000000
0000000000000000
0000000000000000
0000000000000000
0000000000000000
0000000000000000
0000000000000000
0000000000000000
0000000000000000
0000000000000000
0000000000000000
0000000000000000
0000000000000000
0000000000000000
0000000000000000
0000000000000000
0000000000000000
0000000000000000
0000000000000000
0000000000000000
0000000000000000
0000000000000000
0000000000000000
0000000000000000
0000000000000000
0000000000000000
0000000000000000
0000000000000000
0000000000000000
0000000000000000
0000000000000000
20408404e0b9b090
000000006b26ae90
7fdf1b8000000000
8007ffff82062084
0000082081886210
0000000000000000
0000000000000000
0000000000000000
0000000000000000
0000000000000000
0000000000000000
0000000000000000
0000000000000000
0000000000000000
0000000000000000
0000000000000000
0000000000000000
0000000000000000
0000000000000000
0000000000000000
0000000000000000
0000000000000000
0000000000000000
0000000000000000
0000000000000000
0000000000000000
0000000000000000
0000000000000000
0000000000000000
0000000000000000
0000000000000000
0000000000000000
20408404e0b9b090
000000006b26ae90
7fdf1b8000000000
8007ffff82062084
0000082081886210
0000000000000000
0000000000000000
0000000000000000
0000000000000000
0000000000000000
0000000000000000
0000000000000000
0000000000000000
0000000000000000
0000000000000000
0000000000000000
2040029aaca32d68
000000015d692c90
20fc800000000000
0c41ffe101886040
177bdfff104420d4
0000000000000000
0000000000000000
0000000000000000
0000000000000000
0000000000000000
0000000000000000
0000000000000000
0000000000000000
0000000000000000
0000000000000000
0000000000000000
0000000000000000
0000000000000000
0000000000000000
0000000000000000
0000000000000000
0000000000000000
0000000000000000
0000000000000000
0000000000000000
0000000000000000
0000000000000000
0000000000000000
0000000000000000
0000000000000000
0000000000000000
0000000000000000
20408404e0b9b090
000000006b26ae90
7fdf1b8000000000
8007ffff82062084
0000082081886210
0000000000000000
0000000000000000
0000000000000000
0000000000000000
0000000000000000
0000000000000000
0000000000000000
0000000000000000
0000000000000000
0000000000000000
0000000000000000
0000000000000000
0000000000000000
0000000000000000
0000000000000000
0000000000000000
0000000000000000
0000000000000000
0000000000000000
0000000000000000
0000000000000000
0000000000000000
0000000000000000
0000000000000000
0000000000000000
0000000000000000
0000000000000000
0000000000000000
0000000000000000
0000000000000000
0000000000000000
0000000000000000
0000000000000000
0000000000000000
0000000000000000
0000000000000000
0000000000000000
0000000000000000
0000000000000000
0000000000000000
0000000000000000
0000000000000000
0000000000000000
2040029aaca32d68
000000015d692c90
20fc800000000000
0c41ffe101886040
177bdfff104420d4
0000000000000000
0000000000000000
0000000000000000
0000000000000000
0000000000000000
0000000000000000
0000000000000000
0000000000000000
0000000000000000
0000000000000000
0000000000000000
0000000000000000
0000000000000000
0000000000000000
0000000000000000
0000000000000000
0000000000000000
0000000000000000
0000000000000000
0000000000000000
0000000000000000
0000000000000000
0000000000000000
0000000000000000
0000000000000000
0000000000000000
0000000000000000
2040029aaca32d68
000000015d692c90
20fc800000000000
0c41ffe101886040
177bdfff104420d4
0000000000000000
0000000000000000
0000000000000000
0000000000000000
0000000000000000
0000000000000000
0000000000000000
0000000000000000
0000000000000000
0000000000000000
0000000000000000
20408404e0b9b090
000000006b26ae90
7fdf1b8000000000
8007ffff82062084
0000082081886210
0000000000000000
0000000000000000
0000000000000000
0000000000000000
0000000000000000
0000000000000000
0000000000000000
0000000000000000
0000000000000000
0000000000000000
0000000000000000
0000000000000000
0000000000000000
0000000000000000
0000000000000000
0000000000000000
0000000000000000
0000000000000000
0000000000000000
0000000000000000
0000000000000000
0000000000000000
0000000000000000
0000000000000000
0000000000000000
0000000000000000
0000000000000000
204085a54953d710
000000006b26ae90
7fdefb8000000000
8007ffff62062084
0000082082286210
0000000000000000
0000000000000000
0000000000000000
0000000000000000
0000000000000000
0000000000000000
0000000000000000
0000000000000000
0000000000000000
0000000000000000
0000000000000000
0000000000000000
0000000000000000
0000000000000000
0000000000000000
0000000000000000
0000000000000000
0000000000000000
0000000000000000
0000000000000000
0000000000000000
0000000000000000
0000000000000000
0000000000000000
0000000000000000
0000000000000000
0000000000000000
0000000000000000
0000000000000000
0000000000000000
0000000000000000
0000000000000000
0000000000000000
0000000000000000
0000000000000000
0000000000000000
0000000000000000
0000000000000000
0000000000000000
0000000000000000
0000000000000000
0000000000000000
0000000000000000
2040043d153d33d0
000000015d692c90
20f8800000000000
0c41ffe101a86040
177be3ff104420c4
0000000000000000
0000000000000000
0000000000000000
0000000000000000
0000000000000000
0000000000000000
0000000000000000
0000000000000000
0000000000000000
0000000000000000
0000000000000000
0000000000000000
0000000000000000
0000000000000000
0000000000000000
0000000000000000
0000000000000000
0000000000000000
0000000000000000
0000000000000000
0000000000000000
0000000000000000
0000000000000000
0000000000000000
0000000000000000
0000000000000000
0000000000000000
2040043d153d33d0
000000015d692c90
20f8800000000000
0c41ffe101a86040
177be3ff104420c4
0000000000000000
0000000000000000
0000000000000000
0000000000000000
0000000000000000
0000000000000000
0000000000000000
0000000000000000
0000000000000000
0000000000000000
0000000000000000
204085a54953d710
000000006b26ae90
7fdefb8000000000
8007ffff62062084
0000082082286210
0000000000000000
0000000000000000
0000000000000000
0000000000000000
0000000000000000
0000000000000000
0000000000000000
0000000000000000
0000000000000000
0000000000000000
0000000000000000
0000000000000000
0000000000000000
0000000000000000
0000000000000000
0000000000000000
0000000000000000
0000000000000000
0000000000000000
0000000000000000
0000000000000000
0000000000000000
0000000000000000
0000000000000000
0000000000000000
0000000000000000
0000000000000000
2040043d153d33d0
000000015d692c90
20f8800000000000
0c41ffe101a86040
177be3ff104420c4
0000000000000000
0000000000000000
0000000000000000
0000000000000000
0000000000000000
0000000000000000
0000000000000000
0000000000000000
0000000000000000
0000000000000000
0000000000000000
0000000000000000
0000000000000000
0000000000000000
0000000000000000
0000000000000000
0000000000000000
0000000000000000
0000000000000000
0000000000000000
0000000000000000
0000000000000000
0000000000000000
0000000000000000
0000000000000000
0000000000000000
0000000000000000
0000000000000000
0000000000000000
0000000000000000
0000000000000000
0000000000000000
0000000000000000
0000000000000000
0000000000000000
0000000000000000
0000000000000000
0000000000000000
0000000000000000
0000000000000000
0000000000000000
0000000000000000
0000000000000000
204085a54953d710
000000006b26ae90
7fdefb8000000000
8007ffff62062084
0000082082286210
0000000000000000
0000000000000000
0000000000000000
0000000000000000
0000000000000000
0000000000000000
0000000000000000
0000000000000000
0000000000000000
0000000000000000
0000000000000000
0000000000000000
0000000000000000
0000000000000000
0000000000000000
0000000000000000
0000000000000000
0000000000000000
0000000000000000
0000000000000000
0000000000000000
0000000000000000
0000000000000000
0000000000000000
0000000000000000
0000000000000000
0000000000000000
204085a54953d710
000000006b26ae90
7fdefb8000000000
8007ffff62062084
0000082082286210
0000000000000000
0000000000000000
0000000000000000
0000000000000000
0000000000000000
0000000000000000
0000000000000000
0000000000000000
0000000000000000
0000000000000000
0000000000000000
2040043d153d33d0
000000015d692c90
20f8800000000000
0c41ffe101a86040
177be3ff104420c4
0000000000000000
0000000000000000
0000000000000000
0000000000000000
0000000000000000
0000000000000000
0000000000000000
0000000000000000
0000000000000000
0000000000000000
0000000000000000
0000000000000000
0000000000000000
0000000000000000
0000000000000000
0000000000000000
0000000000000000
0000000000000000
0000000000000000
0000000000000000
0000000000000000
0000000000000000
0000000000000000
0000000000000000
0000000000000000
0000000000000000
0000000000000000
20408404e0b9b090
000000006b26ae90
7fdf1b8000000000
8007ffff82062084
0000082081886210
0000000000000000
0000000000000000
0000000000000000
0000000000000000
0000000000000000
0000000000000000
0000000000000000
0000000000000000
0000000000000000
0000000000000000
0000000000000000
0000000000000000
0000000000000000
0000000000000000
0000000000000000
0000000000000000
0000000000000000
0000000000000000
0000000000000000
0000000000000000
0000000000000000
0000000000000000
0000000000000000
0000000000000000
0000000000000000
0000000000000000
0000000000000000
0000000000000000
0000000000000000
0000000000000000
0000000000000000
0000000000000000
0000000000000000
0000000000000000
0000000000000000
0000000000000000
0000000000000000
0000000000000000
0000000000000000
0000000000000000
0000000000000000
0000000000000000
0000000000000000
2040029aaca32d68
000000015d692c90
20fc800000000000
0c41ffe101886040
177bdfff104420d4
0000000000000000
0000000000000000
0000000000000000
0000000000000000
0000000000000000
0000000000000000
0000000000000000
0000000000000000
0000000000000000
0000000000000000
0000000000000000
0000000000000000
0000000000000000
0000000000000000
0000000000000000
0000000000000000
0000000000000000
0000000000000000
0000000000000000
0000000000000000
0000000000000000
0000000000000000
0000000000000000
0000000000000000
0000000000000000
0000000000000000
0000000000000000
2040029aaca32d68
000000015d692c90
20fc800000000000
0c41ffe101886040
177bdfff104420d4
0000000000000000
0000000000000000
0000000000000000
0000000000000000
0000000000000000
0000000000000000
0000000000000000
0000000000000000
0000000000000000
0000000000000000
0000000000000000
20408404e0b9b090
000000006b26ae90
7fdf1b8000000000
8007ffff82062084
0000082081886210
0000000000000000
0000000000000000
0000000000000000
0000000000000000
0000000000000000
0000000000000000
0000000000000000
0000000000000000
0000000000000000
0000000000000000
0000000000000000
0000000000000000
0000000000000000
0000000000000000
0000000000000000
0000000000000000
0000000000000000
0000000000000000
0000000000000000
0000000000000000
0000000000000000
0000000000000000
0000000000000000
0000000000000000
0000000000000000
0000000000000000
0000000000000000
2040029aaca32d68
000000015d692c90
20fc800000000000
0c41ffe101886040
177bdfff104420d4
0000000000000000
0000000000000000
0000000000000000
0000000000000000
0000000000000000
0000000000000000
0000000000000000
0000000000000000
0000000000000000
0000000000000000
0000000000000000
0000000000000000
0000000000000000
0000000000000000
0000000000000000
0000000000000000
0000000000000000
0000000000000000
0000000000000000
0000000000000000
0000000000000000
0000000000000000
0000000000000000
0000000000000000
0000000000000000
0000000000000000
0000000000000000
0000000000000000
0000000000000000
0000000000000000
0000000000000000
0000000000000000
0000000000000000
0000000000000000
0000000000000000
0000000000000000
0000000000000000
0000000000000000
0000000000000000
0000000000000000
0000000000000000
0000000000000000
0000000000000000
20408404e0b9b090
000000006b26ae90
7fdf1b8000000000
8007ffff82062084
0000082081886210
0000000000000000
0000000000000000
0000000000000000
0000000000000000
0000000000000000
0000000000000000
0000000000000000
0000000000000000
0000000000000000
0000000000000000
0000000000000000
0000000000000000
0000000000000000
0000000000000000
0000000000000000
0000000000000000
0000000000000000
0000000000000000
0000000000000000
0000000000000000
0000000000000000
0000000000000000
0000000000000000
0000000000000000
0000000000000000
0000000000000000
0000000000000000
20408404e0b9b090
000000006b26ae90
7fdf1b8000000000
8007ffff82062084
0000082081886210
0000000000000000
0000000000000000
0000000000000000
0000000000000000
0000000000000000
0000000000000000
0000000000000000
0000000000000000
0000000000000000
0000000000000000
0000000000000000
2040029aaca32d68
000000015d692c90
20fc800000000000
0c41ffe101886040
177bdfff104420d4
0000000000000000
0000000000000000
0000000000000000
0000000000000000
0000000000000000
0000000000000000
0000000000000000
0000000000000000
0000000000000000
0000000000000000
0000000000000000
0000000000000000
0000000000000000
0000000000000000
0000000000000000
0000000000000000
0000000000000000
0000000000000000
0000000000000000
0000000000000000
0000000000000000
0000000000000000
0000000000000000
0000000000000000
0000000000000000
0000000000000000
0000000000000000
2040043d153d33d0
000000015d692c90
20f8800000000000
0c41ffe101a86040
177be3ff104420c4
0000000000000000
0000000000000000
0000000000000000
0000000000000000
0000000000000000
0000000000000000
0000000000000000
0000000000000000
0000000000000000
0000000000000000
0000000000000000
0000000000000000
0000000000000000
0000000000000000
0000000000000000
0000000000000000
0000000000000000
0000000000000000
0000000000000000
0000000000000000
0000000000000000
0000000000000000
0000000000000000
0000000000000000
0000000000000000
0000000000000000
0000000000000000
0000000000000000
0000000000000000
0000000000000000
0000000000000000
0000000000000000
0000000000000000
0000000000000000
0000000000000000
0000000000000000
0000000000000000
0000000000000000
0000000000000000
0000000000000000
0000000000000000
0000000000000000
0000000000000000
204085a54953d710
000000006b26ae90
7fdefb8000000000
8007ffff62062084
0000082082286210
0000000000000000
0000000000000000
0000000000000000
0000000000000000
0000000000000000
0000000000000000
0000000000000000
0000000000000000
0000000000000000
0000000000000000
0000000000000000
0000000000000000
0000000000000000
0000000000000000
0000000000000000
0000000000000000
0000000000000000
0000000000000000
0000000000000000
0000000000000000
0000000000000000
0000000000000000
0000000000000000
0000000000000000
0000000000000000
0000000000000000
0000000000000000
204085a54953d710
000000006b26ae90
7fdefb8000000000
8007ffff62062084
0000082082286210
0000000000000000
0000000000000000
0000000000000000
0000000000000000
0000000000000000
0000000000000000
0000000000000000
0000000000000000
0000000000000000
0000000000000000
0000000000000000
2040043d153d33d0
000000015d692c90
20f8800000000000
0c41ffe101a86040
177be3ff104420c4
0000000000000000
0000000000000000
0000000000000000
0000000000000000
0000000000000000
0000000000000000
0000000000000000
0000000000000000
0000000000000000
0000000000000000
0000000000000000
0000000000000000
0000000000000000
0000000000000000
0000000000000000
0000000000000000
0000000000000000
0000000000000000
0000000000000000
0000000000000000
0000000000000000
0000000000000000
0000000000000000
0000000000000000
0000000000000000
0000000000000000
0000000000000000
204085a54953d710
000000006b26ae90
7fdefb8000000000
8007ffff62062084
0000082082286210
0000000000000000
0000000000000000
0000000000000000
0000000000000000
0000000000000000
0000000000000000
0000000000000000
0000000000000000
0000000000000000
0000000000000000
0000000000000000
0000000000000000
0000000000000000
0000000000000000
0000000000000000
0000000000000000
0000000000000000
0000000000000000
0000000000000000
0000000000000000
0000000000000000
0000000000000000
0000000000000000
0000000000000000
0000000000000000
0000000000000000
0000000000000000
0000000000000000
0000000000000000
0000000000000000
0000000000000000
0000000000000000
0000000000000000
0000000000000000
0000000000000000
0000000000000000
0000000000000000
0000000000000000
0000000000000000
0000000000000000
0000000000000000
0000000000000000
0000000000000000
2040043d153d33d0
000000015d692c90
20f8800000000000
0c41ffe101a86040
177be3ff104420c4
0000000000000000
0000000000000000
0000000000000000
0000000000000000
0000000000000000
0000000000000000
0000000000000000
0000000000000000
0000000000000000
0000000000000000
0000000000000000
0000000000000000
0000000000000000
0000000000000000
0000000000000000
0000000000000000
0000000000000000
0000000000000000
0000000000000000
0000000000000000
0000000000000000
0000000000000000
0000000000000000
0000000000000000
0000000000000000
0000000000000000
0000000000000000
2040043d153d33d0
000000015d692c90
20f8800000000000
0c41ffe101a86040
177be3ff104420c4
0000000000000000
0000000000000000
0000000000000000
0000000000000000
0000000000000000
0000000000000000
0000000000000000
0000000000000000
0000000000000000
0000000000000000
0000000000000000
204085a54953d710
000000006b26ae90
7fdefb8000000000
8007ffff62062084
0000082082286210
0000000000000000
0000000000000000
0000000000000000
0000000000000000
0000000000000000
0000000000000000
0000000000000000
0000000000000000
0000000000000000
0000000000000000
0000000000000000
0000000000000000
0000000000000000
0000000000000000
0000000000000000
0000000000000000
0000000000000000
0000000000000000
0000000000000000
0000000000000000
0000000000000000
0000000000000000
0000000000000000
0000000000000000
0000000000000000
0000000000000000
0000000000000000
