@000000008000a000
50e5ca22e8b12f28
80ab9c7ba5e75139
b14fc28ca3aa483f
b52930b5d30145a0
a12a2baa76438dcc
2d4b9349554d4aa4
75113bb05544a0af
89a53592fabb3515
3214254534ae8a43
223bf782bdecd8bb
fee0b12fb593b30f
0a88d5e621a58e24
1373394f4acc4852
2942d013a2dcc350
2c4bc2ccb1ababb3
04d2a6b09382d6ba
54814464fcc155d4
d32d27f613f40483
d0515646e4b12ecb
265d19945ed21743
0000000000000042
0000000000000000
0000000000000000
0000000000000000
0000000000000000
0000000000000000
0000000000000000
0000000000000000
0000000000000000
0000000000000000
0000000000000000
0000000000000000
72a142d2c8c350d0
9095552cb3d214b9
b3926a5d9425be80
6560e0f0d749ce0a
4caa331f42e4e022
ce480bd37c8f3546
4de48ccd53b2d2fc
ccb22d4ce4eaa32b
758f3c9ab12e0b62
bf319313014f4b8c
a88c01a1758674ee
bd395f4ecad30708
8e4d4820e0dbcc0c
b3d3927fed264ce1
3bb7a312851f393c
d383653e31336305
c412ed4afae4afb0
131946484c949857
4251943c84b43413
267337190b08c115
0000000000002605
0000000000000000
0000000000000000
0000000000000000
0000000000000000
0000000000000000
0000000000000000
0000000000000000
0000000000000000
0000000000000000
0000000000000000
0000000000000000
50e54504bcc2cf48
6e1ddab76ed83527
324bf8a234d2f311
01be82d7cd8ba411
39467bc2fe42e15f
4d2c5c7429364613
f589a52e0d752d40
a435b3d2783d2f8c
8d74fec352d3d2e8
0532331323352dad
cdcc15212cb113db
d2b8d9d85ae29ac8
720d0bbb154aceea
fed3557242f327c3
aacda5013a2e4c94
c351595135556d38
c354f3baf4c04c6b
80e644922ca04ef4
32faf4b82c4c6c8a
3f94d4c21eb8bb36
0000000fcaf2c0bb
0000000000000000
0000000000000000
0000000000000000
0000000000000000
0000000000000000
0000000000000000
0000000000000000
0000000000000000
0000000000000000
0000000000000000
0000000000000000
50e54283374c5210
8865b6b76cb63239
2017f6b3630f57d0
90e6707a92d0d34f
36b89a7d327ae0f8
5342e4cf4b0c1d05
21392a0bbb3d2db1
f703d33d51ce8ac3
bb3095651d76af1f
ac1519425413d2ea
d0bc2b49a151382e
5054b4e0c45255c4
5b50137c7191e550
497c400505ca7b0d
4c0bf2e0d5d093d3
5cc8b32eacdcc4d2
b733542d3f2d38bc
a465694bcfcd5cf6
9933b0154d4d2027
52d8cfd0922b6762
000004ed01382f0a
0000000000000000
0000000000000000
0000000000000000
0000000000000000
0000000000000000
0000000000000000
0000000000000000
0000000000000000
0000000000000000
0000000000000000
0000000000000000
729dcc3567202ac8
fd4ef5eb3ab00328
02f780ab2a6b05c9
8a0e0f0a95cac1c3
f642f3407ffe2c68
70b72003f4e7e027
2e4b1acce3692f46
56615e383427d514
85f2730415015055
11ebc25335756576
0111c65e3c905eb8
c965137141d4d39b
b606e4ce6a53764a
092f32145d512632
c84d5507474d8d45
3e311760b11c74c9
d434e0acb7557509
4fac84c4e4570b02
a1301e8c2c150949
04fce4a82f298365
0000000000000000
0000000000000000
0000000000000000
0000000000000000
0000000000000000
0000000000000000
0000000000000000
0000000000000000
0000000000000000
0000000000000000
0000000000000000
0000000000000000
729dcc14d2cfd010
a2b8fcf6bfdf6839
98212ff550ff5c01
14cd0831015059da
d855f10675f9a692
4a76607078aab24f
c8d51af9517a5399
a024617c51180a42
5fd919b56466eed1
a969a2a4a705b15e
6a5815b61a725558
17067aac9dd9aa1a
666a6a2a6bfeb453
a3a4e28260af397c
796fca1af518ea1a
5a15f6568e94d765
d2ca82aa27b75742
264d2e2df40e481d
66ab69317668aaca
aa2693a8a6162261
00000000008da8a8
0000000000000000
0000000000000000
0000000000000000
0000000000000000
0000000000000000
0000000000000000
0000000000000000
0000000000000000
0000000000000000
0000000000000000
0000000000000000
50a13d150d42d1d0
cb4dadd5b3a18a28
3c4460459819cc2b
21a8780387bc2139
e78a9d1e030a0238
527d207ad07ea2c9
7b502a9a5f1a9ab2
f880be4a869816b4
6c5b18f9a9745144
25c68e5b65a5f5d9
9979692979d56d61
94d6c612919e5809
11a509bd44e1dcfa
3daca065d6b66e46
68ef0073aa1895e5
8a15c11df95a6bab
ffd626b0af85427f
869e93c22a5a6501
3f6a301bd697c599
da0ba2b060d3451c
00000000000003b3
0000000000000000
0000000000000000
0000000000000000
0000000000000000
0000000000000000
0000000000000000
0000000000000000
0000000000000000
0000000000000000
0000000000000000
0000000000000000
50a1cc44daa93550
b45a55455494daa8
8b42eccf50f61ee0
9d954eff70ccd64e
60cca00df82b0ba1
590a224c5d18cab6
965c972fd507aa94
86f5157eac0df980
5c95859941782de0
c6923a26a7850974
84a1e5a62a6a6925
10df1c83c4dd8e59
1f2f98ec49500d18
8b0626627b622509
95edb2a5aad991a6
6a5a5c9d0bfd89a7
0105465e625f17c6
f6506220af2ac600
aa29a985fe66d24c
4131a0a8a949e18a
00000000000e3e40
0000000000000000
0000000000000000
0000000000000000
0000000000000000
0000000000000000
0000000000000000
0000000000000000
0000000000000000
0000000000000000
0000000000000000
0000000000000000
72a1cb732540d1d0
02a4f6935774b039
431a16c77de26651
7268a7156d1c6470
515e67a804881e28
45013d561ae27695
5530a1c0b886ff07
aa69a9f980a42909
0a22636667660285
b8ae2a8a526b6329
00543068622cce2a
25e92901e828fbcd
ee14e661cf6c5f97
2e5451692af65060
85a6227c449a4fb6
c1311c163027e616
4788a0ef6a5b58f9
745319e9e95068a7
99c9396c5e18891d
ad4e5499496d5f5d
0000000000000b29
0000000000000000
0000000000000000
0000000000000000
0000000000000000
0000000000000000
0000000000000000
0000000000000000
0000000000000000
0000000000000000
0000000000000000
0000000000000000
72e5cc54a0b2b3d0
6aa0cae7b5648528
9c75706a6da92aa0
df1117cde1f394c0
38aff618fca178c0
794c714d748d88e0
81d175622aab7f48
26e5e57659188c79
a890901b8a0a80a9
f5a95352180b81b9
04790c0a7a785e96
72745917a6ba7941
aba7062a3321a426
c9b1d8de5a2a9aa6
d6999766ba839659
98196a4e5e57e059
e676655c1b7a7e9f
53d195264a899f57
955069290b7478d1
c5cd9aa618106c29
0000000000002527
0000000000000000
0000000000000000
0000000000000000
0000000000000000
0000000000000000
0000000000000000
0000000000000000
0000000000000000
0000000000000000
0000000000000000
0000000000000000
72a1442ce4c0c988
2d72d69a3288c339
1272c0040610b35b
a65a516825003c8a
01a382903fd1e166
21d5114d283c5410
bfffd3d67c2604fb
42c4f6a5aa099d92
926e6633a0bd48bf
62a8e9f59e9715e6
40ddfda09eb7bc68
75e98c8a1d290b8a
d822e76599787136
f54fd2e486024fe3
94ac292969a0a567
e5b5e5695c5ae921
d1afade7469e7b66
bf9c89d027f6cce9
a744d8a1941ad974
9a8a9e19ca9a7468
0000000000000002
0000000000000000
0000000000000000
0000000000000000
0000000000000000
0000000000000000
0000000000000000
0000000000000000
0000000000000000
0000000000000000
0000000000000000
0000000000000000
50e4b342caab2d88
5bd67365c29ac039
00ffa7cb02c47e00
24af8a27ec5c07f1
2f36d35321504a8e
32b3493a34749507
8ae8798353311b10
4d16905eb2166d02
743c2f0be3215ff2
5c119056c74e4d24
404d8b52e8d14bc9
7525092a33760f25
554acb2ca52736b5
adcbbae0b5321323
724600f98b83452b
53fc38134841f95d
f2f0c551d39af0c6
352a4c04f4c24c2b
134052519d93fcc5
1298c3d33f420d25
0000000000485393
0000000000000000
0000000000000000
0000000000000000
0000000000000000
0000000000000000
0000000000000000
0000000000000000
0000000000000000
0000000000000000
0000000000000000
0000000000000000
50a1c3330d282f08
4dab095b36aac428
872087f80fc0d108
3374034b80fd3f12
1a57a831515450a6
4aaa02209103f45b
8e07b5f97c664e0e
d03040a768da5682
e8f283058806c6de
05d960569704b552
d489ad7e6648f807
283b843401fe153f
142fd7129bbd40ef
a7e83d19055a6df4
81418a99d95a9e03
28ca028ca6f07ac1
416a6f26a5217261
ea84b763be1d15e5
03fc949df1b2a1a8
00002169aa126a5b
0000000000000000
0000000000000000
0000000000000000
0000000000000000
0000000000000000
0000000000000000
0000000000000000
0000000000000000
0000000000000000
0000000000000000
0000000000000000
0000000000000000
50e543b2fcbe2e08
a86845d16daa1a39
92c0d819e1054c4b
2334ce6a40c98ce4
e8a534708207e29e
6020582cbf52d4c4
2c0ce4bf242d083c
414f4bcc851b3a2d
72926298d0521415
6ab0c85693e34d67
51d5130b573a2dcb
f46d9fe44d6c550f
303093a261f5f6c4
aca4eebeab2b9379
3cfe4e482143232d
551926f1d3f32b2a
4f1e81634960aa2a
f08eff83c605f9c4
c2f4db4ccb83622b
bcab8bfb01302b8a
00000000000000bc
0000000000000000
0000000000000000
0000000000000000
0000000000000000
0000000000000000
0000000000000000
0000000000000000
0000000000000000
0000000000000000
0000000000000000
0000000000000000
509d44e4dcbf3210
0edcbb6edbab4839
8de10007efd877d0
48830747a27047f0
85735f94c773a883
e561e293aa151a49
186a225452e3f953
ae26c72e39fd3bdc
948b22716de141a0
28998990ade949bd
f4b69897d60e80a4
9a82725997e643c0
7e636bf9f19a9e9a
68b9a15964aa3a3a
8a595a5809c996ad
9931a0b243adcac6
62549b89f94c5758
57359173602a39a9
b998aba7853d705e
2eb7cfb888549565
0000000003163791
0000000000000000
0000000000000000
0000000000000000
0000000000000000
0000000000000000
0000000000000000
0000000000000000
0000000000000000
0000000000000000
0000000000000000
0000000000000000
4ea1cbeb033db130
55bb55cbb86cc028
f3010309dee40820
cdcc1cf4e39c1fa0
4e7000bc4152b0c2
4a083e04102c0bf9
2e91309a12bb6551
d4b4c14e4af34ff4
f111c2c3154e53f4
bcc45114e490a287
84d4bb2aebbee10f
c2b9a988f9bd843c
c52f6c0fb0b654e4
415112d32d313354
3f5355354581ff38
4bcd051948d354a5
430d33af0ac34f57
3a3153d3213c3553
12532d36b3d54d11
b455cc702c93ff06
000000000000002a
0000000000000000
0000000000000000
0000000000000000
0000000000000000
0000000000000000
0000000000000000
0000000000000000
0000000000000000
0000000000000000
0000000000000000
0000000000000000
8102040501405010
0000000000000040
0000000000000000
0000000000000000
0000000000000000
0000000000000000
0000000000000000
0000000000000000
0000000000000000
0000000000000000
0000000000000000
0000000000000000
0000000000000000
0000000000000000
0000000000000000
0000000000000000
0000000000000000
0000000000000000
0000000000000000
0000000000000000
0000000000000000
0000000000000000
0000000000000000
0000000000000000
0000000000000000
0000000000000000
0000000000000000
0000000000000000
0000000000000000
0000000000000000
0000000000000000
0000000000000000
0000000000000000
0000000000000000
0000000000000000
0000000000000000
0000000000000000
0000000000000000
0000000000000000
0000000000000000
0000000000000000
0000000000000000
0000000000000000
0000000000000000
0000000000000000
0000000000000000
0000000000000000
0000000000000000
8102040501405010
0000000000000040
0000000000000000
0000000000000000
0000000000000000
0000000000000000
0000000000000000
0000000000000000
0000000000000000
0000000000000000
0000000000000000
0000000000000000
0000000000000000
0000000000000000
0000000000000000
0000000000000000
0000000000000000
0000000000000000
0000000000000000
0000000000000000
0000000000000000
0000000000000000
0000000000000000
0000000000000000
0000000000000000
0000000000000000
0000000000000000
0000000000000000
0000000000000000
0000000000000000
0000000000000000
0000000000000000
8102040501405010
0000000000000040
0000000000000000
0000000000000000
0000000000000000
0000000000000000
0000000000000000
0000000000000000
0000000000000000
0000000000000000
0000000000000000
0000000000000000
0000000000000000
0000000000000000
0000000000000000
0000000000000000
8102040501405010
0000000000000040
0000000000000000
0000000000000000
0000000000000000
0000000000000000
0000000000000000
0000000000000000
0000000000000000
0000000000000000
0000000000000000
0000000000000000
0000000000000000
0000000000000000
0000000000000000
0000000000000000
0000000000000000
0000000000000000
0000000000000000
0000000000000000
0000000000000000
0000000000000000
0000000000000000
0000000000000000
0000000000000000
0000000000000000
0000000000000000
0000000000000000
0000000000000000
0000000000000000
0000000000000000
0000000000000000
8102040501405010
0000000000000040
0000000000000000
0000000000000000
0000000000000000
0000000000000000
0000000000000000
0000000000000000
0000000000000000
0000000000000000
0000000000000000
0000000000000000
0000000000000000
0000000000000000
0000000000000000
0000000000000000
0000000000000000
0000000000000000
0000000000000000
0000000000000000
0000000000000000
0000000000000000
0000000000000000
0000000000000000
0000000000000000
0000000000000000
0000000000000000
0000000000000000
0000000000000000
0000000000000000
0000000000000000
0000000000000000
0000000000000000
0000000000000000
0000000000000000
0000000000000000
0000000000000000
0000000000000000
0000000000000000
0000000000000000
0000000000000000
0000000000000000
0000000000000000
0000000000000000
0000000000000000
0000000000000000
0000000000000000
0000000000000000
8102040501405010
0000000000000040
0000000000000000
0000000000000000
0000000000000000
0000000000000000
0000000000000000
0000000000000000
0000000000000000
0000000000000000
0000000000000000
0000000000000000
0000000000000000
0000000000000000
0000000000000000
0000000000000000
0000000000000000
0000000000000000
0000000000000000
0000000000000000
0000000000000000
0000000000000000
0000000000000000
0000000000000000
0000000000000000
0000000000000000
0000000000000000
0000000000000000
0000000000000000
0000000000000000
0000000000000000
0000000000000000
8102040501405010
0000000000000040
0000000000000000
0000000000000000
0000000000000000
0000000000000000
0000000000000000
0000000000000000
0000000000000000
0000000000000000
0000000000000000
0000000000000000
0000000000000000
0000000000000000
0000000000000000
0000000000000000
8102040501405010
0000000000000040
0000000000000000
0000000000000000
0000000000000000
0000000000000000
0000000000000000
0000000000000000
0000000000000000
0000000000000000
0000000000000000
0000000000000000
0000000000000000
0000000000000000
0000000000000000
0000000000000000
0000000000000000
0000000000000000
0000000000000000
0000000000000000
0000000000000000
0000000000000000
0000000000000000
0000000000000000
0000000000000000
0000000000000000
0000000000000000
0000000000000000
0000000000000000
0000000000000000
0000000000000000
0000000000000000
8102040501405010
0000000000000040
0000000000000000
0000000000000000
0000000000000000
0000000000000000
0000000000000000
0000000000000000
0000000000000000
0000000000000000
0000000000000000
0000000000000000
0000000000000000
0000000000000000
0000000000000000
0000000000000000
0000000000000000
0000000000000000
0000000000000000
0000000000000000
0000000000000000
0000000000000000
0000000000000000
0000000000000000
0000000000000000
0000000000000000
0000000000000000
0000000000000000
0000000000000000
0000000000000000
0000000000000000
0000000000000000
0000000000000000
0000000000000000
0000000000000000
0000000000000000
0000000000000000
0000000000000000
0000000000000000
0000000000000000
0000000000000000
0000000000000000
0000000000000000
0000000000000000
0000000000000000
0000000000000000
0000000000000000
0000000000000000
8102040501405010
0000000000000040
0000000000000000
0000000000000000
0000000000000000
0000000000000000
0000000000000000
0000000000000000
0000000000000000
0000000000000000
0000000000000000
0000000000000000
0000000000000000
0000000000000000
0000000000000000
0000000000000000
0000000000000000
0000000000000000
0000000000000000
0000000000000000
0000000000000000
0000000000000000
0000000000000000
0000000000000000
0000000000000000
0000000000000000
0000000000000000
0000000000000000
0000000000000000
0000000000000000
0000000000000000
0000000000000000
8102040501405010
0000000000000040
0000000000000000
0000000000000000
0000000000000000
0000000000000000
0000000000000000
0000000000000000
0000000000000000
0000000000000000
0000000000000000
0000000000000000
0000000000000000
0000000000000000
0000000000000000
0000000000000000
8102040501405010
0000000000000040
0000000000000000
0000000000000000
0000000000000000
0000000000000000
0000000000000000
0000000000000000
0000000000000000
0000000000000000
0000000000000000
0000000000000000
0000000000000000
0000000000000000
0000000000000000
0000000000000000
0000000000000000
0000000000000000
0000000000000000
0000000000000000
0000000000000000
0000000000000000
0000000000000000
0000000000000000
0000000000000000
0000000000000000
0000000000000000
0000000000000000
0000000000000000
0000000000000000
0000000000000000
0000000000000000
8102040501405010
0000000000000040
0000000000000000
0000000000000000
0000000000000000
0000000000000000
0000000000000000
0000000000000000
0000000000000000
0000000000000000
0000000000000000
0000000000000000
0000000000000000
0000000000000000
0000000000000000
0000000000000000
0000000000000000
0000000000000000
0000000000000000
0000000000000000
0000000000000000
0000000000000000
0000000000000000
0000000000000000
0000000000000000
0000000000000000
0000000000000000
0000000000000000
0000000000000000
0000000000000000
0000000000000000
0000000000000000
0000000000000000
0000000000000000
0000000000000000
0000000000000000
0000000000000000
0000000000000000
0000000000000000
0000000000000000
0000000000000000
0000000000000000
0000000000000000
0000000000000000
0000000000000000
0000000000000000
0000000000000000
0000000000000000
8102040501405010
0000000000000040
0000000000000000
0000000000000000
0000000000000000
0000000000000000
0000000000000000
0000000000000000
0000000000000000
0000000000000000
0000000000000000
0000000000000000
0000000000000000
0000000000000000
0000000000000000
0000000000000000
0000000000000000
0000000000000000
0000000000000000
0000000000000000
0000000000000000
0000000000000000
0000000000000000
0000000000000000
0000000000000000
0000000000000000
0000000000000000
0000000000000000
0000000000000000
0000000000000000
0000000000000000
0000000000000000
8102040501405010
0000000000000040
0000000000000000
0000000000000000
0000000000000000
0000000000000000
0000000000000000
0000000000000000
0000000000000000
0000000000000000
0000000000000000
0000000000000000
0000000000000000
0000000000000000
0000000000000000
0000000000000000
8102040501405010
0000000000000040
0000000000000000
0000000000000000
0000000000000000
0000000000000000
0000000000000000
0000000000000000
0000000000000000
0000000000000000
0000000000000000
0000000000000000
0000000000000000
0000000000000000
0000000000000000
0000000000000000
0000000000000000
0000000000000000
0000000000000000
0000000000000000
0000000000000000
0000000000000000
0000000000000000
0000000000000000
0000000000000000
0000000000000000
0000000000000000
0000000000000000
0000000000000000
0000000000000000
0000000000000000
0000000000000000
81020786b4f86b48
0000000000000040
0000000000000000
0000000000000000
0000000000000000
0000000000000000
0000000000000000
0000000000000000
0000000000000000
0000000000000000
0000000000000000
0000000000000000
0000000000000000
0000000000000000
0000000000000000
0000000000000000
0000000000000000
0000000000000000
0000000000000000
0000000000000000
0000000000000000
0000000000000000
0000000000000000
0000000000000000
0000000000000000
0000000000000000
0000000000000000
0000000000000000
0000000000000000
0000000000000000
0000000000000000
0000000000000000
0000000000000000
0000000000000000
0000000000000000
0000000000000000
0000000000000000
0000000000000000
0000000000000000
0000000000000000
0000000000000000
0000000000000000
0000000000000000
0000000000000000
0000000000000000
0000000000000000
0000000000000000
0000000000000000
81020786b4f86b48
0000000000000040
0000000000000000
0000000000000000
0000000000000000
0000000000000000
0000000000000000
0000000000000000
0000000000000000
0000000000000000
0000000000000000
0000000000000000
0000000000000000
0000000000000000
0000000000000000
0000000000000000
0000000000000000
0000000000000000
0000000000000000
0000000000000000
0000000000000000
0000000000000000
0000000000000000
0000000000000000
0000000000000000
0000000000000000
0000000000000000
0000000000000000
0000000000000000
0000000000000000
0000000000000000
0000000000000000
81020786b4f86b48
0000000000000040
0000000000000000
0000000000000000
0000000000000000
0000000000000000
0000000000000000
0000000000000000
0000000000000000
0000000000000000
0000000000000000
0000000000000000
0000000000000000
0000000000000000
0000000000000000
0000000000000000
81020786b4f86b48
0000000000000040
0000000000000000
0000000000000000
0000000000000000
0000000000000000
0000000000000000
0000000000000000
0000000000000000
0000000000000000
0000000000000000
0000000000000000
0000000000000000
0000000000000000
0000000000000000
0000000000000000
0000000000000000
0000000000000000
0000000000000000
0000000000000000
0000000000000000
0000000000000000
0000000000000000
0000000000000000
0000000000000000
0000000000000000
0000000000000000
0000000000000000
0000000000000000
0000000000000000
0000000000000000
0000000000000000
81020786b4f86b48
0000000000000040
0000000000000000
0000000000000000
0000000000000000
0000000000000000
0000000000000000
0000000000000000
0000000000000000
0000000000000000
0000000000000000
0000000000000000
0000000000000000
0000000000000000
0000000000000000
0000000000000000
0000000000000000
0000000000000000
0000000000000000
0000000000000000
0000000000000000
0000000000000000
0000000000000000
0000000000000000
0000000000000000
0000000000000000
0000000000000000
0000000000000000
0000000000000000
0000000000000000
0000000000000000
0000000000000000
0000000000000000
0000000000000000
0000000000000000
0000000000000000
0000000000000000
0000000000000000
0000000000000000
0000000000000000
0000000000000000
0000000000000000
0000000000000000
0000000000000000
0000000000000000
0000000000000000
0000000000000000
0000000000000000
81020786b4f86b48
0000000000000040
0000000000000000
0000000000000000
0000000000000000
0000000000000000
0000000000000000
0000000000000000
0000000000000000
0000000000000000
0000000000000000
0000000000000000
0000000000000000
0000000000000000
0000000000000000
0000000000000000
0000000000000000
0000000000000000
0000000000000000
0000000000000000
0000000000000000
0000000000000000
0000000000000000
0000000000000000
0000000000000000
0000000000000000
0000000000000000
0000000000000000
0000000000000000
0000000000000000
0000000000000000
0000000000000000
81020786b4f86b48
0000000000000040
0000000000000000
0000000000000000
0000000000000000
0000000000000000
0000000000000000
0000000000000000
0000000000000000
0000000000000000
0000000000000000
0000000000000000
0000000000000000
0000000000000000
0000000000000000
0000000000000000
81020786b4f86b48
0000000000000040
0000000000000000
0000000000000000
0000000000000000
0000000000000000
0000000000000000
0000000000000000
0000000000000000
0000000000000000
0000000000000000
0000000000000000
0000000000000000
0000000000000000
0000000000000000
0000000000000000
0000000000000000
0000000000000000
0000000000000000
0000000000000000
0000000000000000
0000000000000000
0000000000000000
0000000000000000
0000000000000000
0000000000000000
0000000000000000
0000000000000000
0000000000000000
0000000000000000
0000000000000000
0000000000000000
810200814d0814d0
0000000000000040
0000000000000000
0000000000000000
0000000000000000
0000000000000000
0000000000000000
0000000000000000
0000000000000000
0000000000000000
0000000000000000
0000000000000000
0000000000000000
0000000000000000
0000000000000000
0000000000000000
0000000000000000
0000000000000000
0000000000000000
0000000000000000
0000000000000000
0000000000000000
0000000000000000
0000000000000000
0000000000000000
0000000000000000
0000000000000000
0000000000000000
0000000000000000
0000000000000000
0000000000000000
0000000000000000
0000000000000000
0000000000000000
0000000000000000
0000000000000000
0000000000000000
0000000000000000
0000000000000000
0000000000000000
0000000000000000
0000000000000000
0000000000000000
0000000000000000
0000000000000000
0000000000000000
0000000000000000
0000000000000000
810200814d0814d0
0000000000000040
0000000000000000
0000000000000000
0000000000000000
0000000000000000
0000000000000000
0000000000000000
0000000000000000
0000000000000000
0000000000000000
0000000000000000
0000000000000000
0000000000000000
0000000000000000
0000000000000000
0000000000000000
0000000000000000
0000000000000000
0000000000000000
0000000000000000
0000000000000000
0000000000000000
0000000000000000
0000000000000000
0000000000000000
0000000000000000
0000000000000000
0000000000000000
0000000000000000
0000000000000000
0000000000000000
810200814d0814d0
0000000000000040
0000000000000000
0000000000000000
0000000000000000
0000000000000000
0000000000000000
0000000000000000
0000000000000000
0000000000000000
0000000000000000
0000000000000000
0000000000000000
0000000000000000
0000000000000000
0000000000000000
810200814d0814d0
0000000000000040
0000000000000000
0000000000000000
0000000000000000
0000000000000000
0000000000000000
0000000000000000
0000000000000000
0000000000000000
0000000000000000
0000000000000000
0000000000000000
0000000000000000
0000000000000000
0000000000000000
0000000000000000
0000000000000000
0000000000000000
0000000000000000
0000000000000000
0000000000000000
0000000000000000
0000000000000000
0000000000000000
0000000000000000
0000000000000000
0000000000000000
0000000000000000
0000000000000000
0000000000000000
0000000000000000
810200814d0814d0
0000000000000040
0000000000000000
0000000000000000
0000000000000000
0000000000000000
0000000000000000
0000000000000000
0000000000000000
0000000000000000
0000000000000000
0000000000000000
0000000000000000
0000000000000000
0000000000000000
0000000000000000
0000000000000000
0000000000000000
0000000000000000
0000000000000000
0000000000000000
0000000000000000
0000000000000000
0000000000000000
0000000000000000
0000000000000000
0000000000000000
0000000000000000
0000000000000000
0000000000000000
0000000000000000
0000000000000000
0000000000000000
0000000000000000
0000000000000000
0000000000000000
0000000000000000
0000000000000000
0000000000000000
0000000000000000
0000000000000000
0000000000000000
0000000000000000
0000000000000000
0000000000000000
0000000000000000
0000000000000000
0000000000000000
810200814d0814d0
0000000000000040
0000000000000000
0000000000000000
0000000000000000
0000000000000000
0000000000000000
0000000000000000
0000000000000000
0000000000000000
0000000000000000
0000000000000000
0000000000000000
0000000000000000
0000000000000000
0000000000000000
0000000000000000
0000000000000000
0000000000000000
0000000000000000
0000000000000000
0000000000000000
0000000000000000
0000000000000000
0000000000000000
0000000000000000
0000000000000000
0000000000000000
0000000000000000
0000000000000000
0000000000000000
0000000000000000
810200814d0814d0
0000000000000040
0000000000000000
0000000000000000
0000000000000000
0000000000000000
0000000000000000
0000000000000000
0000000000000000
0000000000000000
0000000000000000
0000000000000000
0000000000000000
0000000000000000
0000000000000000
0000000000000000
810200814d0814d0
0000000000000040
0000000000000000
0000000000000000
0000000000000000
0000000000000000
0000000000000000
0000000000000000
0000000000000000
0000000000000000
0000000000000000
0000000000000000
0000000000000000
0000000000000000
0000000000000000
0000000000000000
0000000000000000
0000000000000000
0000000000000000
0000000000000000
0000000000000000
0000000000000000
0000000000000000
0000000000000000
0000000000000000
0000000000000000
0000000000000000
0000000000000000
0000000000000000
0000000000000000
0000000000000000
0000000000000000
204084552d647390
000000007de6de10
7f0c040000000000
ff077a100277d79f
2030befc6f2ebdbc
0000000000000812
0000000000000000
0000000000000000
0000000000000000
0000000000000000
0000000000000000
0000000000000000
0000000000000000
0000000000000000
0000000000000000
0000000000000000
0000000000000000
0000000000000000
0000000000000000
0000000000000000
0000000000000000
0000000000000000
0000000000000000
0000000000000000
0000000000000000
0000000000000000
0000000000000000
0000000000000000
0000000000000000
0000000000000000
0000000000000000
0000000000000000
0000000000000000
0000000000000000
0000000000000000
0000000000000000
0000000000000000
0000000000000000
0000000000000000
0000000000000000
0000000000000000
0000000000000000
0000000000000000
0000000000000000
0000000000000000
0000000000000000
0000000000000000
0000000000000000
200084e58dd45b98
00000001e36d2790
ebf0000000000000
fbcebfff90095715
f0000831470bcf3d
00000000015ebd18
0000000000000000
0000000000000000
0000000000000000
0000000000000000
0000000000000000
0000000000000000
0000000000000000
0000000000000000
0000000000000000
0000000000000000
0000000000000000
0000000000000000
0000000000000000
0000000000000000
0000000000000000
0000000000000000
0000000000000000
0000000000000000
0000000000000000
0000000000000000
0000000000000000
0000000000000000
0000000000000000
0000000000000000
0000000000000000
0000000000000000
200084e58dd45b98
00000001e36d2790
ebf0000000000000
fbcebfff90095715
f0000831470bcf3d
00000000015ebd18
0000000000000000
0000000000000000
0000000000000000
0000000000000000
0000000000000000
0000000000000000
0000000000000000
0000000000000000
0000000000000000
0000000000000000
204084552d647390
000000007de6de10
7f0c040000000000
ff077a100277d79f
2030befc6f2ebdbc
0000000000000812
0000000000000000
0000000000000000
0000000000000000
0000000000000000
0000000000000000
0000000000000000
0000000000000000
0000000000000000
0000000000000000
0000000000000000
0000000000000000
0000000000000000
0000000000000000
0000000000000000
0000000000000000
0000000000000000
0000000000000000
0000000000000000
0000000000000000
0000000000000000
0000000000000000
0000000000000000
0000000000000000
0000000000000000
0000000000000000
0000000000000000
200084e58dd45b98
00000001e36d2790
ebf0000000000000
fbcebfff90095715
f0000831470bcf3d
00000000015ebd18
0000000000000000
0000000000000000
0000000000000000
0000000000000000
0000000000000000
0000000000000000
0000000000000000
0000000000000000
0000000000000000
0000000000000000
0000000000000000
0000000000000000
0000000000000000
0000000000000000
0000000000000000
0000000000000000
0000000000000000
0000000000000000
0000000000000000
0000000000000000
0000000000000000
0000000000000000
0000000000000000
0000000000000000
0000000000000000
0000000000000000
0000000000000000
0000000000000000
0000000000000000
0000000000000000
0000000000000000
0000000000000000
0000000000000000
0000000000000000
0000000000000000
0000000000000000
0000000000000000
0000000000000000
0000000000000000
0000000000000000
0000000000000000
0000000000000000
204084552d647390
000000007de6de10
7f0c040000000000
ff077a100277d79f
2030befc6f2ebdbc
0000000000000812
0000000000000000
0000000000000000
0000000000000000
0000000000000000
0000000000000000
0000000000000000
0000000000000000
0000000000000000
0000000000000000
0000000000000000
0000000000000000
0000000000000000
0000000000000000
0000000000000000
0000000000000000
0000000000000000
0000000000000000
0000000000000000
0000000000000000
0000000000000000
0000000000000000
0000000000000000
0000000000000000
0000000000000000
0000000000000000
0000000000000000
204084552d647390
000000007de6de10
7f0c040000000000
ff077a100277d79f
2030befc6f2ebdbc
0000000000000812
0000000000000000
0000000000000000
0000000000000000
0000000000000000
0000000000000000
0000000000000000
0000000000000000
0000000000000000
0000000000000000
0000000000000000
200084e58dd45b98
00000001e36d2790
ebf0000000000000
fbcebfff90095715
f0000831470bcf3d
00000000015ebd18
0000000000000000
0000000000000000
0000000000000000
0000000000000000
0000000000000000
0000000000000000
0000000000000000
0000000000000000
0000000000000000
0000000000000000
0000000000000000
0000000000000000
0000000000000000
0000000000000000
0000000000000000
0000000000000000
0000000000000000
0000000000000000
0000000000000000
0000000000000000
0000000000000000
0000000000000000
0000000000000000
0000000000000000
0000000000000000
0000000000000000
200083b2d0c14fc8
00000001e36d2790
2bf1000000000000
fbcebbff90091716
f0000831470fcefd
000000000166bcf8
0000000000000000
0000000000000000
0000000000000000
0000000000000000
0000000000000000
0000000000000000
0000000000000000
0000000000000000
0000000000000000
0000000000000000
0000000000000000
0000000000000000
0000000000000000
0000000000000000
0000000000000000
0000000000000000
0000000000000000
0000000000000000
0000000000000000
0000000000000000
0000000000000000
0000000000000000
0000000000000000
0000000000000000
0000000000000000
0000000000000000
0000000000000000
0000000000000000
0000000000000000
0000000000000000
0000000000000000
0000000000000000
0000000000000000
0000000000000000
0000000000000000
0000000000000000
0000000000000000
0000000000000000
0000000000000000
0000000000000000
0000000000000000
0000000000000000
20408322725147c0
000000007de6de10
7ef8540000000000
1f790a1002f7d79f
a030df7bdf2ebdbd
0000000000000812
0000000000000000
0000000000000000
0000000000000000
0000000000000000
0000000000000000
0000000000000000
0000000000000000
0000000000000000
0000000000000000
0000000000000000
0000000000000000
0000000000000000
0000000000000000
0000000000000000
0000000000000000
0000000000000000
0000000000000000
0000000000000000
0000000000000000
0000000000000000
0000000000000000
0000000000000000
0000000000000000
0000000000000000
0000000000000000
0000000000000000
20408322725147c0
000000007de6de10
7ef8540000000000
1f790a1002f7d79f
a030df7bdf2ebdbd
0000000000000812
0000000000000000
0000000000000000
0000000000000000
0000000000000000
0000000000000000
0000000000000000
0000000000000000
0000000000000000
0000000000000000
0000000000000000
200083b2d0c14fc8
00000001e36d2790
2bf1000000000000
fbcebbff90091716
f0000831470fcefd
000000000166bcf8
0000000000000000
0000000000000000
0000000000000000
0000000000000000
0000000000000000
0000000000000000
0000000000000000
0000000000000000
0000000000000000
0000000000000000
0000000000000000
0000000000000000
0000000000000000
0000000000000000
0000000000000000
0000000000000000
0000000000000000
0000000000000000
0000000000000000
0000000000000000
0000000000000000
0000000000000000
0000000000000000
0000000000000000
0000000000000000
0000000000000000
20408322725147c0
000000007de6de10
7ef8540000000000
1f790a1002f7d79f
a030df7bdf2ebdbd
0000000000000812
0000000000000000
0000000000000000
0000000000000000
0000000000000000
0000000000000000
0000000000000000
0000000000000000
0000000000000000
0000000000000000
0000000000000000
0000000000000000
0000000000000000
0000000000000000
0000000000000000
0000000000000000
0000000000000000
0000000000000000
0000000000000000
0000000000000000
0000000000000000
0000000000000000
0000000000000000
0000000000000000
0000000000000000
0000000000000000
0000000000000000
0000000000000000
0000000000000000
0000000000000000
0000000000000000
0000000000000000
0000000000000000
0000000000000000
0000000000000000
0000000000000000
0000000000000000
0000000000000000
0000000000000000
0000000000000000
0000000000000000
0000000000000000
0000000000000000
200083b2d0c14fc8
00000001e36d2790
2bf1000000000000
fbcebbff90091716
f0000831470fcefd
000000000166bcf8
0000000000000000
0000000000000000
0000000000000000
0000000000000000
0000000000000000
0000000000000000
0000000000000000
0000000000000000
0000000000000000
0000000000000000
0000000000000000
0000000000000000
0000000000000000
0000000000000000
0000000000000000
0000000000000000
0000000000000000
0000000000000000
0000000000000000
0000000000000000
0000000000000000
0000000000000000
0000000000000000
0000000000000000
0000000000000000
0000000000000000
200083b2d0c14fc8
00000001e36d2790
2bf1000000000000
fbcebbff90091716
f0000831470fcefd
000000000166bcf8
0000000000000000
0000000000000000
0000000000000000
0000000000000000
0000000000000000
0000000000000000
0000000000000000
0000000000000000
0000000000000000
0000000000000000
20408322725147c0
000000007de6de10
7ef8540000000000
1f790a1002f7d79f
a030df7bdf2ebdbd
0000000000000812
0000000000000000
0000000000000000
0000000000000000
0000000000000000
0000000000000000
0000000000000000
0000000000000000
0000000000000000
0000000000000000
0000000000000000
0000000000000000
0000000000000000
0000000000000000
0000000000000000
0000000000000000
0000000000000000
0000000000000000
0000000000000000
0000000000000000
0000000000000000
0000000000000000
0000000000000000
0000000000000000
0000000000000000
0000000000000000
0000000000000000
