@0000000080301000
1e1e1e1e1e1e1e1e
1e1e1e1e1e1e1e1e
1e1e1e1e1e1e1e1e
1e1e1e1e1e1e1e1e
1e1e1e1e1e1e1e1e
1e1e1e1e1e1e1e1e
1e1e1e1e1e1e1e1e
1e1e1e1e1e1e1e1e
1e1e1e1e1e1e1e1e
1e1e1e1e1e1e1e1e
1e1e1e1e1e1e1e1e
1e1e1e1e1e1e1e1e
1e1e1e1e1e1e1e1e
1e1e1e1e1e1e1e1e
1e1e1e1e1e1e1e1e
1e1e1e1e1e1e1e1e
1e1e1e1e1e1e1e1e
1e1e1e1e1e1e1e1e
1e1e1e1e1e1e1e1e
1e1e1e1e1e1e1e1e
1e1e1e1e1e1e1e1e
1e1e1e1e1e1e1e1e
1e1e1e1e1e1e1e1e
1e1e1e1e1e1e1e1e
1e1e1e1e1e1e1e1e
1e1e1e1e1e1e1e1e
1e1e1e1e1e1e1e1e
1e1e1e1e1e1e1e1e
1e1e1e1e1e1e1e1e
1e1e1e1e1e1e1e1e
1e1e1e1e1e1e1e1e
1e1e1e1e1e1e1e1e
1e1e1e1e1e1e1e1e
1e1e1e1e1e1e1e1e
1e1e1e1e1e1e1e1e
1e1e1e1e1e1e1e1e
1e1e1e1e1e1e1e1e
1e1e1e1e1e1e1e1e
1e1e1e1e1e1e1e1e
1e1e1e1e1e1e1e1e
1e1e1e1e1e1e1e1e
1e1e1e1e1e1e1e1e
1e1e1e1e1e1e1e1e
1e1e1e1e1e1e1e1e
1e1e1e1e1e1e1e1e
1e1e1e1e1e1e1e1e
1e1e1e1e1e1e1e1e
1e1e1e1e1e1e1e1e
1e1e1e1e1e1e1e1e
1e1e1e1e1e1e1e1e
1e1e1e1e1e1e1e1e
1e1e1e1e1e1e1e1e
1e1e1e1e1e1e1e1e
1e1e1e1e1e1e1e1e
1e1e1e1e1e1e1e1e
1e1e1e1e1e1e1e1e
1e1e1e1e1e1e1e1e
1e1e1e1e1e1e1e1e
1e1e1e1e1e1e1e1e
1e1e1e1e1e1e1e1e
1e1e1e1e1e1e1e1e
1e1e1e1e1e1e1e1e
1e1e1e1e1e1e1e1e
1e1e1e1e1e1e1e1e
1e1e1e1e1e1e1e1e
1e1e1e1e1e1e1e1e
1e1e1e1e1e1e1e1e
1e1e1e1e1e1e1e1e
1e1e1e1e1e1e1e1e
1e1e1e1e1e1e1e1e
1e1e1e1e1e1e1e1e
1e1e1e1e1e1e1e1e
1e1e1e1e1e1e1e1e
1e1e1e1e1e1e1e1e
1e1e1e1e1e1e1e1e
1e1e1e1e1e1e1e1e
1e1e1e1e1e1e1e1e
1e1e1e1e1e1e1e1e
1e1e1e1e1e1e1e1e
1e1e1e1e1e1e1e1e
1e1e1e1e1e1e1e1e
1e1e1e1e1e1e1e1e
1e1e1e1e1e1e1e1e
1e1e1e1e1e1e1e1e
1e1e1e1e1e1e1e1e
1e1e1e1e1e1e1e1e
1e1e1e1e1e1e1e1e
1e1e1e1e1e1e1e1e
1e1e1e1e1e1e1e1e
1e1e1e1e1e1e1e1e
1e1e1e1e1e1e1e1e
1e1e1e1e1e1e1e1e
1e1e1e1e1e1e1e1e
1e1e1e1e1e1e1e1e
1e1e1e1e1e1e1e1e
1e1e1e1e1e1e1e1e
1e1e1e1e1e1e1e1e
1e1e1e1e1e1e1e1e
1e1e1e1e1e1e1e1e
1e1e1e1e1e1e1e1e
1e1e1e1e1e1e1e1e
1e1e1e1e1e1e1e1e
1e1e1e1e1e1e1e1e
1e1e1e1e1e1e1e1e
00000000101e1e1e
00000000101e1e1e
00000000101e1e1e
00000000101e1e1e
00000000101e1e1e
00000000101e1e1e
00000000101e1e1e
00000000101e1e1e
1e1e1e1e1e1e1e1e
1e1e1e1e1e1e1e1e
1e1e1e1e1e1e1e1e
1e1e1e1e1e1e1e1e
1e1e1e1e1e1e1e1e
1e1e1e1e1e1e1e1e
1e1e1e1e1e1e1e1e
1e1e1e1e1e1e1e1e
00000000101e1e1e
00000000101e1e1e
00000000101e1e1e
00000000101e1e1e
00000000101e1e1e
00000000101e1e1e
00000000101e1e1e
00000000101e1e1e
1e1e1e1e1e1e1e1e
1e1e1e1e1e1e1e1e
1e1e1e1e1e1e1e1e
1e1e1e1e1e1e1e1e
1e1e1e1e1e1e1e1e
1e1e1e1e1e1e1e1e
1e1e1e1e1e1e1e1e
1e1e1e1e1e1e1e1e
1e1e1e1e1e1e1e1e
1e1e1e1e1e1e1e1e
1e1e1e1e1e1e1e1e
1e1e1e1e1e1e1e1e
1e1e1e1e1e1e1e1e
1e1e1e1e1e1e1e1e
1e1e1e1e1e1e1e1e
1e1e1e1e1e1e1e1e
1e1e1e1e1e1e1e1e
1818181818181818
1010101010101010
1010101010101010
1010101010101010
1010101010101010
1010101010101010
1010101010101010
1e1e1e1e1e1e1e1e
1818181818181818
1010101010101010
1010101010101010
1010101010101010
1010101010101010
1010101010101010
1010101010101010
1e1e1e1e1e1e1e1e
1e1e1e1e1e1e1e1e
1e1e1e1e1e1e1e1e
1e1e1e1e1e1e1e1e
1e1e1e1e1e1e1e1e
1e1e1e1e1e1e1e1e
1e1e1e1e1e1e1e1e
1e1e1e1e1e1e1e1e
1e1e1e1e1e1e1e1e
1e1e1e1e1e1e1e1e
1e1e1e1e1e1e1e1e
1e1e1e1e1e1e1e1e
1e1e1e1e1e1e1e1e
1e1e1e1e1e1e1e1e
1e1e1e1e1e1e1e1e
1e1e1e1e1e1e1e1e
1e1e1e1e1e1e1e1e
1818181818181818
1010101010101010
1010101010101010
1010101010101010
1010101010101010
1010101010101010
1010101010101010
1e1e1e1e1e1e1e1e
1818181818181818
1010101010101010
1010101010101010
1010101010101010
1010101010101010
1010101010101010
1010101010101010
1e1e1e1e1e1e1e1e
1e1e1e1e1e1e1e1e
1e1e1e1e1e1e1e1e
1e1e1e1e1e1e1e1e
1e1e1e1e1e1e1e1e
1e1e1e1e1e1e1e1e
1e1e1e1e1e1e1e1e
1e1e1e1e1e1e1e1e
1e1e1e1e1e1e1e1e
1e1e1e1e1e1e1e1e
1e1e1e1e1e1e1e1e
1e1e1e1e1e1e1e1e
1e1e1e1e1e1e1e1e
1e1e1e1e1e1e1e1e
1e1e1e1e1e1e1e1e
1e1e1e1e1e1e1e1e
1e1e1e1e1e1e1e1e
1818181818181818
1010101010101010
1010101010101010
1010101010101010
1010101010101010
1010101010101010
1010101010101010
1e1e1e1e1e1e1e1e
1818181818181818
1010101010101010
1010101010101010
1010101010101010
1010101010101010
1010101010101010
1010101010101010
1e1e1e1e1e1e1e1e
1e1e1e1e1e1e1e1e
1e1e1e1e1e1e1e1e
1e1e1e1e1e1e1e1e
1e1e1e1e1e1e1e1e
1e1e1e1e1e1e1e1e
1e1e1e1e1e1e1e1e
1e1e1e1e1e1e1e1e
00000000101e1e1e
00000000101e1e1e
00000000101e1e1e
00000000101e1e1e
00000000101e1e1e
00000000101e1e1e
00000000101e1e1e
00000000101e1e1e
1e1e1e1e1e1e1e1e
1818181818181818
1010101010101010
1010101010101010
1010101010101010
1010101010101010
1010101010101010
1010101010101010
00000000101e1e1e
0000000010181818
0000000010101010
0000000010101010
0000000010101010
0000000010101010
0000000010101010
0000000010101010
1010101010101010
1010101010101010
1010101010101010
1010101010101010
1010101010101010
1010101010101010
1010101010101010
1010101010101010
1010101010101010
1010101010101010
1010101010101010
1010101010101010
1010101010101010
1010101010101010
1010101010101010
1010101010101010
1010101010101010
1010101010101010
1010101010101010
1010101010101010
1010101010101010
1010101010101010
1010101010101010
1010101010101010
1010101010101010
1010101010101010
1010101010101010
1010101010101010
1010101010101010
1010101010101010
1010101010101010
1010101010101010
1010101010101010
1010101010101010
1010101010101010
1010101010101010
1010101010101010
1010101010101010
1010101010101010
1010101010101010
1010101010101010
1010101010101010
1010101010101010
1010101010101010
1010101010101010
1010101010101010
1010101010101010
1010101010101010
1010101010101010
1010101010101010
1010101010101010
1010101010101010
1010101010101010
1010101010101010
1010101010101010
1010101010101010
1010101010101010
1010101010101010
1010101010101010
1010101010101010
1010101010101010
1010101010101010
1010101010101010
1010101010101010
1010101010101010
1010101010101010
1010101010101010
1010101010101010
1010101010101010
1010101010101010
1010101010101010
1010101010101010
1010101010101010
1010101010101010
1010101010101010
1010101010101010
1010101010101010
1010101010101010
1010101010101010
1010101010101010
1010101010101010
1010101010101010
1010101010101010
1010101010101010
1010101010101010
1010101010101010
1010101010101010
1010101010101010
1010101010101010
1010101010101010
1010101010101010
1010101010101010
1010101010101010
1010101010101010
1010101010101010
1010101010101010
1010101010101010
1010101010101010
1010101010101010
1010101010101010
1010101010101010
1010101010101010
1010101010101010
1010101010101010
0000000010101010
0000000010101010
0000000010101010
0000000010101010
0000000010101010
0000000010101010
0000000010101010
0000000010101010
1010101010101010
1010101010101010
1010101010101010
1010101010101010
1010101010101010
1010101010101010
1010101010101010
1010101010101010
0000000010101010
0000000010101010
0000000010101010
0000000010101010
0000000010101010
0000000010101010
0000000010101010
0000000010101010
1010101010101010
1010101010101010
1010101010101010
1010101010101010
1010101010101010
1010101010101010
1010101010101010
1010101010101010
1010101010101010
1010101010101010
1010101010101010
1010101010101010
1010101010101010
1010101010101010
1010101010101010
1010101010101010
1010101010101010
1010101010101010
1010101010101010
1010101010101010
1010101010101010
1010101010101010
1010101010101010
1010101010101010
1010101010101010
1010101010101010
1010101010101010
1010101010101010
1010101010101010
1010101010101010
1010101010101010
1010101010101010
1010101010101010
1010101010101010
1010101010101010
1010101010101010
1010101010101010
1010101010101010
1010101010101010
1010101010101010
1010101010101010
1010101010101010
1010121010101010
1010121010101010
1010121010101010
1010121010101010
1010121010101010
1010121010101010
1010101010101010
1010101010101010
1010101010101010
1010101010101010
1010101010101010
1010101010101010
1010101010101010
1010101010101010
1010121010101010
1010121010101010
1010121010101010
1010121010101010
1010121010101010
1010121010101010
1010121010101010
1010121010101010
1010101010101010
1010101010101010
1010101010101010
1010101010101010
1010101010101010
1010101010101010
1010101010101010
1010101010101010
1010101010101010
1010101010101010
1010101010101010
1010101010101010
1010101010101010
1010101010101010
1010101010101010
1010101010101010
1010101010101010
1010101010101010
1010101010101010
1010101010101010
1010101010101010
1010101010101010
1010101010101010
1010101010101010
1010101010101010
1010101010101010
1010101010101010
1010101010101010
1010101010101010
1010101010101010
1010101010101010
1010101010101010
1010101010101010
1010101010101010
1010101010101010
1010101010101010
1010101010101010
1010101010101010
1010101010101010
1010101010101010
0000000010101010
0000000010101010
0000000010101010
0000000010101010
0000000010101010
0000000010101010
0000000010101010
0000000010101010
1010101010101010
1010101010101010
1010101010101010
1010101010101010
1010101010101010
1010101010101010
1010101010101010
1010101010101010
0000000010101010
0000000010101010
0000000010101010
0000000010101010
0000000010101010
0000000010101010
0000000010101010
0000000010101010
1010101010101010
1010101010101010
1010101010101010
1010101010101010
1010101010101010
1010101010101010
1010101010101010
1010101010101010
1010101010101010
1010101010101010
1010101010101010
1010101010101010
1010101010101010
1010101010101010
1010101010101010
1010101010101010
1010101010101010
1010101010101010
1010101010101010
1010101010101010
1212121212121212
1010101010101212
1010101010101212
1010101010101212
1010101010101010
1010101010101010
1010101010101010
1010101010101010
1214121212121212
1214121010101010
1214121010101010
1214121010101010
1010101010101010
1010101010101010
1010101010101010
1010101010101010
1010101010101010
1010101010101010
1010101010101010
1010101010101010
1010121010101010
1010121010101010
1010121010101010
1010121010101010
1010121010101010
1010121010101010
1010121010101010
1010121010101010
1010101010101010
1010101010101010
1010101010101010
1010101010101010
1212121212121212
1010101010101010
1010101010101010
1010101010101010
1010121010101010
1010121010101010
1010121010101010
1010121010101010
1212141212121212
1012121010101010
1012121010101010
1012121010101010
1010101010101010
1010101010101010
1010101010101010
1010101010101010
1010101010101010
1010101010101010
1010101010101010
1010101010101010
1010101010101010
1010101010101010
1010101010101010
1010101010101010
1010101010101010
1010101010101010
1010101010101010
1010101010101010
1010101010101010
1010101010101010
1010101010101010
1010101010101010
1212121012121212
1010101010101012
1010101010101012
1010101010101012
1010101010101010
1010101010101010
1010101010101010
1010101010101010
1212121412121212
1210121410101210
1210121410101210
1210121410101210
1010101010101010
1010101010101010
1010101010101010
1010101010101010
1010101010101010
1010101010101010
1010101010101010
1010101010101010
0000000010101010
0000000010101010
0000000010101010
0000000010101010
0000000010101010
0000000010101010
0000000010101010
0000000010101010
1010101010101010
1010101010101010
1010101010101010
1010101010101010
1212121212121212
1010101010101010
1010101010101010
1010101010101010
0000000010101010
0000000010101010
0000000010101010
0000000010101010
0000000010121212
0000000010121010
0000000010121010
0000000010121010
1010101010101212
1010101010101212
1010101010101212
1010101010101212
1010101010101212
1010101010101212
1010101010101212
1010101010101212
1214121010101010
1214121010101010
1214121010101010
1214121010101010
1214121010101010
1214121010101010
1214121010101010
1214121010101010
1010101010101212
1010101010101212
1010101010101212
1010101010101212
1010101010101212
1010101010101212
1010101010101212
1010101010101212
1214121010101010
1214121010101010
1214121010101010
1214121010101010
1214121010101010
1214121010101010
1214121010101010
1214121010101010
1010101010101010
1010101010101010
1010101010101010
1010101010101010
1010101010101010
1010101010101010
1010101010101010
1010101010101010
1012121010101010
1012121010101010
1012121010101010
1012121010101010
1012121010101010
1012121010101010
1012121010101010
1012121010101010
1010101010101010
1010101010101010
1010101010101010
1010101010101010
1010101010101010
1010101010101010
1010101010101010
1010101010101010
1012121010101010
1012121010101010
1012121010101010
1012121010101010
1012121010101010
1012121010101010
1012121010101010
1012121010101010
1010101010101012
1010101010101012
1010101010101012
1010101010101012
1010101010101012
1010101010101012
1010101010101012
1010101010101012
1210121410101210
1210121410101210
1210121410101210
1210121410101210
1210121410101210
1210121410101210
1210121410101210
1210121410101210
1010101010101012
1010101010101012
1010101010101012
1010101010101012
1010101010101012
1010101010101012
1010101010101012
1010101010101012
1210121410101210
1210121410101210
1210121410101210
1210121410101210
1210121410101210
1210121410101210
1210121410101210
1210121410101210
1010101010101010
1010101010101010
1010101010101010
1010101010101010
1010101010101010
1010101010101010
1010101010101010
1010101010101010
0000000010121010
0000000010121010
0000000010121010
0000000010121010
0000000010121010
0000000010121010
0000000010121010
0000000010121010
1010101010101010
1010101010101010
1010101010101010
1010101010101010
1010101010101010
1010101010101010
1010101010101010
1010101010101010
0000000010121010
0000000010121010
0000000010121010
0000000010121010
0000000010121010
0000000010121010
0000000010121010
0000000010121010
1010101010101212
1010101010101212
1010101010101212
1010101010101212
1010101010101212
1010101010101010
0000000000000000
0000000000000000
1214121010101010
1214121010101010
1214121010101010
1214121010101010
1214121010101010
1012101010101010
0000000000000000
0000000000000000
0000000000000000
0000000000000000
0000000000000000
0000000000000000
0000000000000000
0000000000000000
0000000000000000
0000000000000000
0000000000000000
0000000000000000
0000000000000000
0000000000000000
0000000000000000
0000000000000000
0000000000000000
0000000000000000
1010101010101010
1010101010101010
1010101010101010
1010101010101010
1010101010101010
1010101010101010
0000000000000000
0000000000000000
1012121010101010
1012121010101010
1012121010101010
1012121010101010
1012121010101010
1010101010101010
0000000000000000
0000000000000000
0000000000000000
0000000000000000
0000000000000000
0000000000000000
0000000000000000
0000000000000000
0000000000000000
0000000000000000
0000000000000000
0000000000000000
0000000000000000
0000000000000000
0000000000000000
0000000000000000
0000000000000000
0000000000000000
1010101010101012
1010101010101012
1010101010101012
1010101010101012
1010101010101012
1010101010101010
0000000000000000
0000000000000000
1210121410101210
1210121410101210
1210121410101210
1210121410101210
1210121410101210
1010101210101010
0000000000000000
0000000000000000
0000000000000000
0000000000000000
0000000000000000
0000000000000000
0000000000000000
0000000000000000
0000000000000000
0000000000000000
0000000000000000
0000000000000000
0000000000000000
0000000000000000
0000000000000000
0000000000000000
0000000000000000
0000000000000000
1010101010101010
1010101010101010
1010101010101010
1010101010101010
1010101010101010
1010101010101010
0000000000000000
0000000000000000
0000000010121010
0000000010121010
0000000010121010
0000000010121010
0000000010121010
0000000010101010
0000000000000000
0000000000000000
0000000000000000
0000000000000000
0000000000000000
0000000000000000
0000000000000000
0000000000000000
0000000000000000
0000000000000000
0000000000000000
0000000000000000
0000000000000000
0000000000000000
0000000000000000
0000000000000000
0000000000000000
0000000000000000
0000000000000000
0000000000000000
0000000000000000
0000000000000000
0000000000000000
0000000000000000
0000000000000000
0000000000000000
0000000000000000
0000000000000000
0000000000000000
0000000000000000
0000000000000000
0000000000000000
0000000000000000
0000000000000000
0000000000000000
0000000000000000
0000000000000000
0000000000000000
0000000000000000
0000000000000000
0000000000000000
0000000000000000
0000000000000000
0000000000000000
0000000000000000
0000000000000000
0000000000000000
0000000000000000
0000000000000000
0000000000000000
0000000000000000
0000000000000000
0000000000000000
0000000000000000
0000000000000000
0000000000000000
0000000000000000
0000000000000000
0000000000000000
0000000000000000
0000000000000000
0000000000000000
0000000000000000
0000000000000000
0000000000000000
0000000000000000
0000000000000000
0000000000000000
0000000000000000
0000000000000000
0000000000000000
0000000000000000
0000000000000000
0000000000000000
0000000000000000
0000000000000000
0000000000000000
0000000000000000
0000000000000000
0000000000000000
0000000000000000
0000000000000000
0000000000000000
0000000000000000
0000000000000000
0000000000000000
0000000000000000
0000000000000000
0000000000000000
0000000000000000
0000000000000000
0000000000000000
0000000000000000
0000000000000000
0000000000000000
0000000000000000
0000000000000000
0000000000000000
0000000000000000
0000000000000000
0000000000000000
0000000000000000
0000000000000000
0000000000000000
0000000000000000
0000000000000000
0000000000000000
0000000000000000
0000000000000000
0000000000000000
0000000000000000
0000000000000000
0000000000000000
0000000000000000
0000000000000000
0000000000000000
0000000000000000
0000000000000000
0000000000000000
0000000000000000
0000000000000000
0000000000000000
0000000000000000
0000000000000000
0000000000000000
0000000000000000
0000000000000000
0000000000000000
0000000000000000
0000000000000000
0000000000000000
0000000000000000
0000000000000000
0000000000000000
0000000000000000
0000000000000000
0000000000000000
0000000000000000
0000000000000000
0000000000000000
0000000000000000
0000000000000000
0000000000000000
0000000000000000
0000000000000000
0000000000000000
