@0000000080790000
1a1a1a1a1a1a1a1a
1a1a1a1a1a1a1a1a
1a1a1a1a1a181a1a
1a181a18181a1a1a
1a1a1a1a1a1a1a1a
1a18181a1a1a1a1a
1a181a1a181a1a1a
1a1a1a18181a1a1a
1a1a181a1a181a1a
1a1a1a1a181a1a1a
1a1a1a1a1a1a1a1a
1a1a1a1a1a1a1a1a
1a1a1a1a1a1a181a
1a1a1a1a1a1a1a1a
18181a1a1a1a1a1a
18181a1a1a181a1a
181a1a1a1a1a1a1a
1a1a1a1a1a1a181a
1a1a1a181a1a1818
1a1a1a1a1a1a1a1a
1a1a1a18181a1a1a
1a181a1a1a1a181a
1a1a1a1a1a1a1a1a
1a1a1a1a1a1a181a
1a1a1a1a1a1a1a1a
1a1a1a1a181a1a1a
1a181a1a1a1a1a1a
1a1a1a1a1a1a1a1a
1a1a1a1a1a1a181a
1a1a1a1a1a181a1a
1a181a181a1a1a1a
1a1a1a1a1a1a1a1a
1a1a1a1a1a1a1a1a
1a1a181a1a1a1a18
1a1a1a1a1a1a1a1a
1a1a1a1a1a1a1a1a
1a1a1a1a1a1a1a18
1a1a18181a1a1a1a
181a1a1a1a1a181a
181a1a1a1a1a1a1a
1a1a1a1a1a1a1a18
1a1a1a181a1a1a1a
1a1a1a1a181a1a18
1a1a1a1a1a1a181a
1a1a1a1a1a1a1a1a
1a1a1a1a1a1a181a
1a181a1a1a1a1a1a
1a1a1a1a1a181a1a
1a181818181a1a18
1a1a1a1a1a1a1a1a
181a1a1a1a1a181a
1a1a1a1a1a18181a
1a1a1a1a1a1a181a
181a1a1a1a1a1a1a
1a1a1a1a1a1a181a
1a181a1a181a1818
1a181a1a1a1a1a1a
1a1a1a181a1a1a1a
1a1a181a1a1a1a1a
1a1a181a1a1a181a
1a1a1a1a1a1a1a1a
1a1a1a1a1a1a1a1a
181a1a1a1a1a1a1a
1a1a1a1a18181a18
1a1a1a181a1a1a1a
1a1a1a1a1a1a181a
1a1a1a1a1a1a1a1a
1a1a1a1a1a181a1a
1a1a1a181a1a1a1a
1a1a1a1a1a1a1a1a
1a1a1a1a1a1a1a18
1a1a1a1a1a1a1a1a
1a1a1a1a1a1a1a1a
1a1a1a1a181a1a1a
1a181a1a1a1a1a1a
1a1a1a1a1a1a181a
1a1a181a1a1a1a1a
181a1a1a1a1a1a1a
1a1a1a1a1a1a1a18
1a1a1a1a1a1a181a
1a181a1a1a1a1a1a
1a1a1a181a181a1a
1a1a1a1a1a1a1a1a
1a1a1a1a1a1a1a1a
181a1a1a1a181a1a
1a1a1a1a1a1a1a1a
1a1a1a1a1a1a1a1a
1a181a1a1a181a1a
1a1a1a1a181a1a1a
1a1a1a181a1a1a1a
1a1a1a181a1a1a1a
181a1a1a1a1a1a1a
1a1a1a1a181a1a1a
1a1a1a1a18181a1a
1a1a1a181a1a1a1a
1a181a1a1a1a1a1a
1a1a1a181a1a1a1a
1a1a1a1a1a1a1a18
1a1a1a1a18181a1a
1a1a1a1a1a1a1a1a
1a1a1a1a181a1a1a
1a1818181a1a1a1a
1a1a1a1a1a1a1a18
1a1a1a181a1a1a1a
1a1a1a1a181a1a1a
1a1a1a1a1a1a1a1a
1a1a181a1a1a1a1a
1a1a1a1a1a1a1a1a
1a1a18181a181a1a
1a1a181a1a181a1a
1a1a181a1a1a1a1a
1a1a1a1a1a1a181a
1a1a1a1a1a1a1a1a
1a1a1a181a1a1a1a
1a1a1a181a1a1a1a
1a1a181a1a181a1a
1a1a1a1a1a1a1a1a
1a181a1a1a1a1a1a
1a1a181a1a1a1a18
1a1a181a1a1a1a18
181a1a1a1a1a1a1a
1a1a1a1a1a1a1a1a
1a1a1a181a1a1a1a
181a1a1a1a1a1a1a
1a1a1a1a181a1a18
1a1a181a1a1a1a1a
1a1a1a1a1a1a1a1a
1a181a1a1a1a1a1a
000000001010101a
000000001010101a
000000001010101a
000000001010101a
000000001010101a
000000001010101a
0000000010101018
000000001010101a
0000000000000000
0000000000000000
0000000000000000
0000000000000000
0000000000000000
0000000000000000
0000000000000000
0000000000000000
000000001010101a
000000001010101a
000000001010101a
000000001010101a
0000000010101018
000000001010101a
000000001010101a
000000001010101a
0000000000000000
0000000000000000
0000000000000000
0000000000000000
0000000000000000
0000000000000000
0000000000000000
0000000000000000
0000000000000000
0000000000000000
0000000000000000
0000000000000000
0000000000000000
0000000000000000
0000000000000000
0000000000000000
0000000000000000
0000000000000000
0000000000000000
0000000000000000
0000000000000000
0000000000000000
0000000000000000
0000000000000000
0000000000000000
0000000000000000
0000000000000000
0000000000000000
0000000000000000
0000000000000000
0000000000000000
0000000000000000
0000000000000000
0000000000000000
0000000000000000
0000000000000000
0000000000000000
0000000000000000
0000000000000000
0000000000000000
0000000000000000
0000000000000000
0000000000000000
0000000000000000
0000000000000000
0000000000000000
0000000000000000
0000000000000000
0000000000000000
0000000000000000
0000000000000000
0000000000000000
0000000000000000
0000000000000000
0000000000000000
0000000000000000
0000000000000000
0000000000000000
0000000000000000
0000000000000000
0000000000000000
0000000000000000
0000000000000000
0000000000000000
0000000000000000
0000000000000000
0000000000000000
0000000000000000
0000000000000000
0000000000000000
0000000000000000
0000000000000000
0000000000000000
0000000000000000
0000000000000000
0000000000000000
0000000000000000
0000000000000000
0000000000000000
0000000000000000
0000000000000000
0000000000000000
0000000000000000
0000000000000000
0000000000000000
0000000000000000
0000000000000000
0000000000000000
0000000000000000
0000000000000000
0000000000000000
0000000000000000
0000000000000000
0000000000000000
0000000000000000
0000000000000000
0000000000000000
0000000000000000
0000000000000000
0000000000000000
0000000000000000
0000000000000000
0000000000000000
0000000000000000
1a1a18181a1a1a1a
1a1a1a1a1a1a1a1a
1a1a1a1a1a1a1a1a
1a1a1a1a1a181a1a
1a1a1a1a1a1a1a18
1a1a1a181a1a1a1a
1a1a181a1a1a1a1a
1a1a1a1a1a1a181a
1a1a1a1a1a1a1a1a
1a181a1a1a1a1a1a
18181a1a1a1a1a1a
1a1a1a181a1a1a1a
1a1a1a1a1a1a1a18
1a1a1a1a1a1a1a1a
1a1a1a1a18181a18
1a1a1a1a18181a1a
1a1a1a1a1a1a1a1a
1a1a181a1a1a1a1a
1a1a1a1a1a1a1a1a
1a1a1a1a1a1a1a1a
1a1a1a1a1a181a1a
1a1a1a181a181a1a
1a1a1a1a1a1a1a1a
1a1a181a1a1a1a18
1a1a1a1a1a1a1818
181a1a181a1a181a
1a1a1a1a1a1a1a1a
181a1a1a1a1a181a
181a181a1a181a1a
1a1a1a1a1a1a1a1a
181a1a1a1a1a1a1a
1a1a1a1a1a1a1a1a
1a1a181a181a1a1a
1a181a1a181a181a
1a1a1a1a1a1a1a1a
1a1a1a1a1a1a1a1a
1a1a181a1a181a1a
1a1a1a1a1a181a1a
1a1a1a1a1a1a1a1a
181a1a1a181a1a1a
1a1a1a18181a1a1a
1a181a1a1a1a1a18
1a181a1a1a1a1a1a
1a1a1a1a1a1a1a1a
1a1a181a1a1a1a1a
1a1a1a1a1a1a1a1a
1a1a181a1a1a1a1a
1a1a181a1a1a181a
1a1a1a181a1a1a1a
1a181a1a181a181a
1a1a1a1a1a1a1a18
1a1a1a1a1a1a1a1a
1a1a1a1a1a181a18
1a1a1a1a181a1a1a
1a1a1a181a1a1a1a
1a1a1a1a181a1a1a
1a1a1a181a181a1a
1a181a1a1a1a1a1a
1a1a1a1a1a1a1a1a
1a181a1a1a1a1a1a
1a1a1a1a1a181a1a
1a1a1a1a1a1a1a18
1a1a1a1a1a181a1a
181a1a1a1a1a1a1a
181a18181a1a181a
1a1a1a1a1a1a1a18
1a181a1a181a1a1a
181a1a1a181a1a1a
181a1a1a1a1a1a1a
1a1a1a1a1a1a1a1a
181a1a1a1a1a1a1a
1a181a1a1a18181a
1a181a1a1a181a18
181a1a181a1a1a1a
1a1a1a1a1a1a181a
181a1a1a1a1a181a
181a1a1a1a1a1a1a
1a18181a1a1a1a1a
1a1a1a1a1a1a1a1a
1a1a1a1a1a1a1a1a
1a1a18181a1a1a1a
1a1a1a1a1a1a1a1a
1a1a1a1a1a1a1a1a
1a1a1a181a181a1a
1a1a1a1a1a1a1a1a
1a1a1a1a1a1a1a1a
1a1a1a1a1a1a1a1a
1a1a1a1a1a1a1a1a
1a1a1a1a1a1a1a1a
1a1a1a1a1a1a1a18
1a1a1a1a1a1a1a1a
181a1a1a1a1a1a1a
1a1a1a1a1a1a1a1a
181a1a1a1a1a1a18
1a1a1a1a1a1a1a1a
1a1a1a1a1a1a1a1a
1a1a1a1a1a1a1a1a
1a1a1a1a1a1a1a1a
18181a1a181a1a1a
181a1a181a1a1a1a
1a1a1a1a1a1a1a1a
1a1a181a181a1a18
1a1a1a1a1a1a1a1a
1a1a1a181a18181a
1a1a1a1a1a1a1a1a
1a181a181a1a1a18
1a181a1a1a1a1a1a
1a1a1a1a1a1a1a1a
1a181a1a1a18181a
1a1a181a1a1a1a1a
181a1a1a181a181a
1a181a1a1a1a1a1a
1a1a1a1a1a1a1a1a
1a18181a1a1a1a1a
1a1a1a1a1a1a181a
1a1a181a181a1a1a
1a1a1a1a1a1a1a1a
1a1a1a1a1a1a1a1a
1a1a181a1a1a1a1a
1a1a1a1a1a1a1a1a
1a1a1a181a1a1a1a
1a1a1a1a1a181a1a
1a1a1a1a1a1a1a1a
1a181a1a1a1a1a18
1a1a1a1a1a1a1a1a
1a1a1a1a181a1a18
1a1a1a181a1a181a
1a1a1a1a181a1a1a
000000001010101a
000000001010101a
0000000010101018
000000001010101a
000000001010101a
0000000010101018
000000001010101a
000000001010101a
0000000000000000
0000000000000000
0000000000000000
0000000000000000
0000000000000000
0000000000000000
0000000000000000
0000000000000000
000000001010101a
000000001010101a
000000001010101a
000000001010101a
0000000010101018
000000001010101a
000000001010101a
000000001010101a
0000000000000000
0000000000000000
0000000000000000
0000000000000000
0000000000000000
0000000000000000
0000000000000000
0000000000000000
0000000000000000
0000000000000000
0000000000000000
0000000000000000
0000000000000000
0000000000000000
0000000000000000
0000000000000000
0000000000000000
0000000000000000
0000000000000000
0000000000000000
0000000000000000
0000000000000000
0000000000000000
0000000000000000
0000000000000000
0000000000000000
0000000000000000
0000000000000000
0000000000000000
0000000000000000
0000000000000000
0000000000000000
0000000000000000
0000000000000000
0000000000000000
0000000000000000
0000000000000000
0000000000000000
0000000000000000
0000000000000000
0000000000000000
0000000000000000
0000000000000000
0000000000000000
0000000000000000
0000000000000000
0000000000000000
0000000000000000
0000000000000000
0000000000000000
0000000000000000
0000000000000000
0000000000000000
0000000000000000
0000000000000000
0000000000000000
0000000000000000
0000000000000000
0000000000000000
0000000000000000
0000000000000000
0000000000000000
0000000000000000
0000000000000000
0000000000000000
0000000000000000
0000000000000000
0000000000000000
0000000000000000
0000000000000000
0000000000000000
0000000000000000
0000000000000000
0000000000000000
0000000000000000
0000000000000000
0000000000000000
0000000000000000
0000000000000000
0000000000000000
0000000000000000
0000000000000000
0000000000000000
0000000000000000
0000000000000000
0000000000000000
0000000000000000
0000000000000000
0000000000000000
0000000000000000
0000000000000000
0000000000000000
0000000000000000
0000000000000000
0000000000000000
0000000000000000
0000000000000000
0000000000000000
0000000000000000
0000000000000000
0000000000000000
0000000000000000
0000000000000000
0000000000000000
1a1a1a1a181a1a18
1a1a181a181a1a18
1a1a1a181a1a1a1a
1a1a1a1a1a1a1a1a
1a1a1a1a1a1a1a1a
1a1a1a1a1a18181a
1a1a1a1a1a1a1a1a
1a1a1a1a181a1a1a
1a1a1a1a1a1a181a
1a1a181a1a181a1a
1a1a1a1a1a1a1a1a
1a1a1a1a1a1a1a1a
1a1a1a1a1a181a1a
1a1a1a1a1a1a1a1a
181a181a1a1a1a1a
1a1a1a1a1a1a181a
1a1a1a1a1a1a1a1a
1a1a1a181a1a1a1a
1a1a1a1a181a1a1a
1a1a1a1a1a1a1a1a
1a181a1a1a1a181a
1a1a18181a1a181a
1a1a1a1a181a1a18
1a1a1a1a1a181a1a
1a1a1a1a181a1a1a
1a1a1a1a1a1a1a1a
1a1a1a1a1a1a1a1a
1a1a1a1a181a1a1a
1a1a1a1a1a1a181a
1a1a1a1a1a181a1a
1a1a1a18181a1a1a
1a1a1a1a1a1a1a1a
1a1a1a1a1a1a1a1a
1a18181a1a1a1a1a
1a1a181a181a1a1a
1a1a1a1a1a1a1a1a
181a1a181a1a1a18
1a181a1a181a1a1a
1a1a181a1a1a1a1a
1a1a1a1a1a1a1a1a
1a1a1a1a1a1a1a1a
181a1a1a1a181a1a
1a1a1a181a1a1a1a
1a181a1a1a1a1a1a
1a181a181a181a1a
1a1a1a1a1a1a1a1a
1a181a1a1a1a1a18
1a1a1a1a1a181a1a
1a1a1a1a1a1a1a1a
181a1a1a1a1a1a18
181a1a1a1a1a1a1a
181a1a1a1a1a1a1a
1a1a1a1a1a1a1a1a
1a1a1a1a1a1a1a1a
181a18181a1a1a1a
1a1a1a1a1a1a1a1a
1a1a1a1a1a1a1a1a
1a1a1a1a1a181a1a
1a1a181a1a1a1a18
1a1a1a1a1a1a181a
181a1a1a181a1a1a
1a1a1a1a1a181a18
1a1a1a1a1a1a181a
1a1a1a1a181a1a1a
1a181a1a1a181a1a
1a1a1a1a1a1a1a1a
1a181a181a1a1a1a
1a1a1a1818181a1a
1818181a1a1a1a1a
181a181a1a1a1a1a
1a1a1a1a181a181a
1a1a1a1a181a1a1a
1a181a1a1a1a1a1a
18181a181a1a1a1a
18181a1a1a1a1a18
1a1a1a1a1a1a1a18
1a1a1a1a1a1a181a
181a1a1a1a1a1a1a
1a1a181a1a1a181a
1a1a1a1a1a1a1a1a
1a1a1a1a1a181a1a
1a181a1a1a1a1a1a
1a1a1a1a1a1a1a1a
1a1a181a1a1a1a1a
181a1a1a1a1a1a1a
1a1a181a1a1a1a18
181a1a1a1a1a1a1a
1a1a1a1a1a1a1818
181a1a1a1a1a181a
1a181a1a1a1a1a1a
1a1a1a181a1a1a1a
1a1a1a1a1a1a1a1a
1a1a1a1a181a1a1a
1a1a1a181a1a181a
1a18181a1a181a1a
1a18181a181a1a1a
1a181a1a1a1a1a1a
1a1a1a1a1a181a1a
1a1a1a1a1a1a1a1a
1a181a1a1a1a1a1a
1a1a1a181a1a1a18
1a1a1a1a1a1a181a
1a1a1a1a1a1a1a1a
1a1a1a1a1a1a1a1a
1a1a1a1a181a1a1a
1a1a181a1a1a1a1a
1a1a181a1a1a1a1a
1a18181a1a1a1a1a
1a181a1a181a1a1a
1a1a1a1a1a18181a
1a18181a1a1a1a1a
1a1a1a181a1a181a
1a1a1a1a1a1a1a18
1a181a181a1a1a1a
1a1a1a1a1a1a1a1a
181a1a1a1a1a1a1a
1a1a1a1a1a1a1a1a
1a1a1a1a1a1a1a1a
1a1a1a1a1a1a1a1a
1a1a1a1a1a1a1a1a
1a181a1a1a1a1a1a
1a181a1a1a1a1a1a
1a1a1a1a1a1a1a1a
1a1a181a1a1a1a1a
1a1a181a1a1a1a1a
1a1a1a1a1a1a181a
181a1a1a1a1a1a1a
1a1a1a1a1a1a1a1a
000000001010101a
000000001010101a
000000001010101a
000000001010101a
000000001010101a
000000001010101a
000000001010101a
000000001010101a
0000000000000000
0000000000000000
0000000000000000
0000000000000000
0000000000000000
0000000000000000
0000000000000000
0000000000000000
000000001010101a
000000001010101a
000000001010101a
000000001010101a
000000001010101a
000000001010101a
000000001010101a
000000001010101a
0000000000000000
0000000000000000
0000000000000000
0000000000000000
0000000000000000
0000000000000000
0000000000000000
0000000000000000
0000000000000000
0000000000000000
0000000000000000
0000000000000000
0000000000000000
0000000000000000
0000000000000000
0000000000000000
0000000000000000
0000000000000000
0000000000000000
0000000000000000
0000000000000000
0000000000000000
0000000000000000
0000000000000000
0000000000000000
0000000000000000
0000000000000000
0000000000000000
0000000000000000
0000000000000000
0000000000000000
0000000000000000
0000000000000000
0000000000000000
0000000000000000
0000000000000000
0000000000000000
0000000000000000
0000000000000000
0000000000000000
0000000000000000
0000000000000000
0000000000000000
0000000000000000
0000000000000000
0000000000000000
0000000000000000
0000000000000000
0000000000000000
0000000000000000
0000000000000000
0000000000000000
0000000000000000
0000000000000000
0000000000000000
0000000000000000
0000000000000000
0000000000000000
0000000000000000
0000000000000000
0000000000000000
0000000000000000
0000000000000000
0000000000000000
0000000000000000
0000000000000000
0000000000000000
0000000000000000
0000000000000000
0000000000000000
0000000000000000
0000000000000000
0000000000000000
0000000000000000
0000000000000000
0000000000000000
0000000000000000
0000000000000000
0000000000000000
0000000000000000
0000000000000000
0000000000000000
0000000000000000
0000000000000000
0000000000000000
0000000000000000
0000000000000000
0000000000000000
0000000000000000
0000000000000000
0000000000000000
0000000000000000
0000000000000000
0000000000000000
0000000000000000
0000000000000000
0000000000000000
0000000000000000
0000000000000000
0000000000000000
0000000000000000
0000000000000000
0000000000000000
0000000000000000
1a1a1a181a1a1a1a
1a1a1a1a1a1a1a1a
1a1a1a1a18181a1a
1a1a1a1a18181a1a
1a1a1a1a1818181a
1a1a1a1a1a181a1a
1a1a1a1a1a1a181a
1a181a1a1a1a181a
1a1a1a1a1a1a1a1a
1a1a1a1a18181a1a
1a1a1a181a1a1a1a
1a1a1a1a181a1a1a
1a1a1a1a181a1a1a
1a1a1a181a1a1a1a
1a181a1a1a1a1a1a
1a1a1a1a1a1a1a1a
1414141414141416
1010101010101010
1010101010101010
1010101010101010
1010101010101010
1010101010101010
1010101010101010
1010101010101010
1414141414161414
1010101010101010
1010101010101010
1010101010101010
1010101010101010
1010101010101010
1010101010101010
1010101010101010
1a1a1a1a1a1a1a1a
1a1818181a1a1a1a
1a1a1a181a181a18
1a181a1a1a1a1a1a
1a1a1a1a1a1a1a1a
1a1a1a1a1a1a1a18
1a1a1a1a1a1a1a1a
181a1a1a181a1a1a
1a1a1a1a1a1a1a1a
181a1a1a1a1a1a18
1a181a1a1a1a1a1a
1a1a1a1a1a1a1a1a
1a1a1a1a1a181a18
1a1a1a1a1a1a1a1a
1a1a1a1a1a1a1a1a
1a1a1a1a1a1a181a
1414141414141414
1010101010101010
1010101010101010
1010101010101010
1010101010101010
1010101010101010
1010101010101010
1010101010101010
1414141414141414
1010101010101010
1010101010101010
1010101010101010
1010101010101010
1010101010101010
1010101010101010
1010101010101010
1a1a1a1a1a1a1a18
1a181a1a1a1a1a1a
1a1a1a1a1a1a1a1a
1a1a1a1a1a1a181a
1a181a1a1a181a1a
1a1a1a181a1a1a1a
1a1a1a1a1a1a1a18
181a1a1a1a1a1a1a
1a1a1a1a1a1a181a
181a1a1a1a1a1a18
1a1a1a1a1a181a18
1a1a181a181a181a
1a1a1a1a1a1a1a1a
1a1a1a1a1a181a18
1a1a1a181a181a1a
181a181a1a1a181a
1614141414141416
1010101010101010
1010101010101010
1010101010101010
1010101010101010
1010101010101010
1010101010101010
1010101010101010
1414141414141414
1010101010101010
1010101010101010
1010101010101010
1010101010101010
1010101010101010
1010101010101010
1010101010101010
1a181a181a1a1a1a
1a1a1a181a1a1a1a
1a1a1a1a1a1a1a1a
18181a1a1a1a1a1a
1a1a1a1a1a18181a
1a1a1a18181a1a1a
1a1a1a181a1a1a1a
1a1a1a1a1a1a1a1a
1a1a1a1a1a1a1a1a
181a1a1a1a1a1a1a
1a1a1a181a1a1a1a
1a1a1a181a1a1a1a
1a1a1a1a18181a1a
181a1a1a181a181a
1a1a1a1a1a1a1a1a
1a1a1a181a1a181a
1414141414141414
1010101010101010
1010101010101010
1010101010101010
1010101010101010
1010101010101010
1010101010101010
1010101010101010
1414161414141414
1010101010101010
1010101010101010
1010101010101010
1010101010101010
1010101010101010
1010101010101010
1010101010101010
000000001010101a
000000001010101a
000000001010101a
000000001010101a
000000001010101a
0000000010101018
000000001010101a
000000001010101a
0000000000000000
0000000000000000
0000000000000000
0000000000000000
0000000000000000
0000000000000000
0000000000000000
0000000000000000
0000000010101014
0000000010101010
0000000010101010
0000000010101010
0000000010101010
0000000010101010
0000000010101010
0000000010101010
0000000000000000
0000000000000000
0000000000000000
0000000000000000
0000000000000000
0000000000000000
0000000000000000
0000000000000000
0000000000000000
0000000000000000
0000000000000000
0000000000000000
0000000000000000
0000000000000000
0000000000000000
0000000000000000
0000000000000000
0000000000000000
0000000000000000
0000000000000000
0000000000000000
0000000000000000
0000000000000000
0000000000000000
0000000000000000
0000000000000000
0000000000000000
0000000000000000
0000000000000000
0000000000000000
0000000000000000
0000000000000000
0000000000000000
0000000000000000
0000000000000000
0000000000000000
0000000000000000
0000000000000000
0000000000000000
0000000000000000
0000000000000000
0000000000000000
0000000000000000
0000000000000000
0000000000000000
0000000000000000
0000000000000000
0000000000000000
0000000000000000
0000000000000000
0000000000000000
0000000000000000
0000000000000000
0000000000000000
0000000000000000
0000000000000000
0000000000000000
0000000000000000
0000000000000000
0000000000000000
0000000000000000
0000000000000000
0000000000000000
0000000000000000
0000000000000000
0000000000000000
0000000000000000
0000000000000000
0000000000000000
0000000000000000
0000000000000000
0000000000000000
0000000000000000
0000000000000000
0000000000000000
0000000000000000
0000000000000000
0000000000000000
0000000000000000
0000000000000000
0000000000000000
0000000000000000
0000000000000000
0000000000000000
0000000000000000
0000000000000000
0000000000000000
0000000000000000
0000000000000000
0000000000000000
0000000000000000
0000000000000000
0000000000000000
0000000000000000
0000000000000000
0000000000000000
0000000000000000
0000000000000000
0000000000000000
0000000000000000
0000000000000000
0000000000000000
0000000000000000
0000000000000000
1010101010101010
1010101010101010
1010101010101010
1010101010101010
1010101010101010
1010101010101010
1010101010101010
1010101010101010
1010101010101010
1010101010101010
1010101010101010
1010101010101010
1010101010101010
1010101010101010
1010101010101010
1010101010101010
1010101010101010
1010101010101010
1010101010101010
1010101010101010
1010101010101010
1010101010101010
1010101010101010
1010101010101010
1010101010101010
1010101010101010
1010101010101010
1010101010101010
1010101010101010
1010101010101010
1010101010101010
1010101010101010
1010101010101010
1010101010101010
1010101010101010
1010101010101010
1010101010101010
1010101010101010
1010101010101010
1010101010101010
1010101010101010
1010101010101010
1010101010101010
1010101010101010
1010101010101010
1010101010101010
1010101010101010
1010101010101010
1010101010101010
1010101010101010
1010101010101010
1010101010101010
1010101010101010
1010101010101010
1010101010101010
1010101010101010
1010101010101010
1010101010101010
1010101010101010
1010101010101010
1010101010101010
1010101010101010
1010101010101010
1010101010101010
1010101010101010
1010101010101010
1010101010101010
1010101010101010
1010101010101010
1010101010101010
1010101010101010
1010101010101010
1010101010101010
1010101010101010
1010101010101010
1010101010101010
1010101010101010
1010101010101010
1010101010101010
1010101010101010
1010101010101010
1010101010101010
1010101010101010
1010101010101010
1010101010101010
1010101010101010
1010101010101010
1010101010101010
1010101010101010
1010101010101010
1010101010101010
1010101010101010
1010101010101010
1010101010101010
1010101010101010
1010101010101010
1010101010101010
1010101010101010
1010101010101010
1010101010101010
1010101010101010
1010101010101010
1010101010101010
1010101010101010
1010101010101010
1010101010101010
1010101010101010
1010101010101010
1010101010101010
1010101010101010
1010101010101010
1010101010101010
1010101010101010
1010101010101010
1010101010101010
1010101010101010
1010101010101010
1010101010101010
1010101010101010
1010101010101010
1010101010101010
1010101010101010
1010101010101010
1010101010101010
1010101010101010
1010101010101010
1010101010101010
1010101010101010
0000000010101010
0000000010101010
0000000010101010
0000000010101010
0000000010101010
0000000010101010
0000000010101010
0000000010101010
0000000000000000
0000000000000000
0000000000000000
0000000000000000
0000000000000000
0000000000000000
0000000000000000
0000000000000000
0000000010101010
0000000010101010
0000000010101010
0000000010101010
0000000010101010
0000000010101010
0000000010101010
0000000010101010
0000000000000000
0000000000000000
0000000000000000
0000000000000000
0000000000000000
0000000000000000
0000000000000000
0000000000000000
0000000000000000
0000000000000000
0000000000000000
0000000000000000
0000000000000000
0000000000000000
0000000000000000
0000000000000000
0000000000000000
0000000000000000
0000000000000000
0000000000000000
0000000000000000
0000000000000000
0000000000000000
0000000000000000
0000000000000000
0000000000000000
0000000000000000
0000000000000000
0000000000000000
0000000000000000
0000000000000000
0000000000000000
0000000000000000
0000000000000000
0000000000000000
0000000000000000
0000000000000000
0000000000000000
0000000000000000
0000000000000000
0000000000000000
0000000000000000
0000000000000000
0000000000000000
0000000000000000
0000000000000000
0000000000000000
0000000000000000
0000000000000000
0000000000000000
0000000000000000
0000000000000000
0000000000000000
0000000000000000
0000000000000000
0000000000000000
0000000000000000
0000000000000000
0000000000000000
0000000000000000
0000000000000000
0000000000000000
0000000000000000
0000000000000000
0000000000000000
0000000000000000
0000000000000000
0000000000000000
0000000000000000
0000000000000000
0000000000000000
0000000000000000
0000000000000000
0000000000000000
0000000000000000
0000000000000000
0000000000000000
0000000000000000
0000000000000000
0000000000000000
0000000000000000
0000000000000000
0000000000000000
0000000000000000
0000000000000000
0000000000000000
0000000000000000
0000000000000000
0000000000000000
0000000000000000
0000000000000000
0000000000000000
0000000000000000
0000000000000000
0000000000000000
0000000000000000
0000000000000000
0000000000000000
0000000000000000
0000000000000000
0000000000000000
0000000000000000
0000000000000000
0000000000000000
1010101010101010
1010101010101010
1010101010101010
1010101010101010
1010101010101010
1010101010101010
1010101010101010
1010101010101010
1010101010101010
1010101010101010
1010101010101010
1010101010101010
1010101010101010
1010101010101010
1010101010101010
1010101010101010
1010101010101010
1010101010101010
1010101010101010
1010101010101010
1010101010101010
1010101010101010
1010101010101010
1010101010101010
1010101010101010
1010101010101010
1010101010101010
1010101010101010
1010101010101010
1010101010101010
1010101010101010
1010101010101010
1010101010101010
1010101010101010
1010101010101010
1010101010101010
1010101010101010
1010101010101010
1010101010101010
1010101010101010
1010101010101010
1010101010101010
1010101010101010
1010101010101010
1010101010101010
1010101010101010
1010101010101010
1010101010101010
1010101010101010
1010101010101010
1010101010101010
1010101010101010
1010101010101010
1010101010101010
1010101010101010
1010101010101010
1010101010101010
1010101010101010
1010101010101010
1010101010101010
1010101010101010
1010101010101010
1010101010101010
1010101010101010
1010101010101010
1010101010101010
1010101010101010
1010101010101010
1010101010101010
1010101010101010
1010101010101010
1010101010101010
1010101010101010
1010101010101010
1010101010101010
1010101010101010
1010101010101010
1010101010101010
1010101010101010
1010101010101010
1010101010101010
1010101010101010
1010101010101010
1010101010101010
1010101010101010
1010101010101010
1010101010101010
1010101010101010
1010101010101010
1010101010101010
1010101010101010
1010101010101010
1010101010101010
1010101010101010
1010101010101010
1010101010101010
1010101010101010
1010101010101010
1010101010101010
1010101010101010
1010101010101010
1010101010101010
1010101010101010
1010101010101010
1010101010101010
1010101010101010
1010101010101010
1010101010101010
1010101010101010
1010101010101010
1010101010101010
1010101010101010
1010101010101010
1010101010101010
1010101010101010
1010101010101010
1010101010101010
1010101010101010
1010101010101010
1010101010101010
1010101010101010
1010101010101010
1010101010101010
1010101010101010
1010101010101010
1010101010101010
1010101010101010
1010101010101010
0000000010101010
0000000010101010
0000000010101010
0000000010101010
0000000010101010
0000000010101010
0000000010101010
0000000010101010
0000000000000000
0000000000000000
0000000000000000
0000000000000000
0000000000000000
0000000000000000
0000000000000000
0000000000000000
0000000010101010
0000000010101010
0000000010101010
0000000010101010
0000000010101010
0000000010101010
0000000010101010
0000000010101010
0000000000000000
0000000000000000
0000000000000000
0000000000000000
0000000000000000
0000000000000000
0000000000000000
0000000000000000
0000000000000000
0000000000000000
0000000000000000
0000000000000000
0000000000000000
0000000000000000
0000000000000000
0000000000000000
0000000000000000
0000000000000000
0000000000000000
0000000000000000
0000000000000000
0000000000000000
0000000000000000
0000000000000000
0000000000000000
0000000000000000
0000000000000000
0000000000000000
0000000000000000
0000000000000000
0000000000000000
0000000000000000
0000000000000000
0000000000000000
0000000000000000
0000000000000000
0000000000000000
0000000000000000
0000000000000000
0000000000000000
0000000000000000
0000000000000000
0000000000000000
0000000000000000
0000000000000000
0000000000000000
0000000000000000
0000000000000000
0000000000000000
0000000000000000
0000000000000000
0000000000000000
0000000000000000
0000000000000000
0000000000000000
0000000000000000
0000000000000000
0000000000000000
0000000000000000
0000000000000000
0000000000000000
0000000000000000
0000000000000000
0000000000000000
0000000000000000
0000000000000000
0000000000000000
0000000000000000
0000000000000000
0000000000000000
0000000000000000
0000000000000000
0000000000000000
0000000000000000
0000000000000000
0000000000000000
0000000000000000
0000000000000000
0000000000000000
0000000000000000
0000000000000000
0000000000000000
0000000000000000
0000000000000000
0000000000000000
0000000000000000
0000000000000000
0000000000000000
0000000000000000
0000000000000000
0000000000000000
0000000000000000
0000000000000000
0000000000000000
0000000000000000
0000000000000000
0000000000000000
0000000000000000
0000000000000000
0000000000000000
0000000000000000
0000000000000000
0000000000000000
0000000000000000
1010101010101010
1010101010101010
1010101010101010
1010101010101010
1010101010101010
1010101010101010
1010101010101010
1010101010101010
1010101010101010
1010101010101010
1010101010101010
1010101010101010
1010101010101010
1010101010101010
1010101010101010
1010101010101010
1010101010101010
1010101010101010
1010101010101010
1010101010101010
1010101010101010
1010101010101010
1010101010101010
1010101010101010
1010101010101010
1010101010101010
1010101010101010
1010101010101010
1010101010101010
1010101010101010
1010101010101010
1010101010101010
1010101010101010
1010101010101010
1010101010101010
1010101010101010
1010101010101010
1010101010101010
1010101010101010
1010101010101010
1010101010101010
1010101010101010
1010101010101010
1010101010101010
1010101010101010
1010101010101010
1010101010101010
1010101010101010
1010101010101010
1010101010101010
1010101010101010
1010101010101010
1010101010101010
1010101010101010
1010101010101010
1010101010101010
1010101010101010
1010101010101010
1010101010101010
1010101010101010
1010101010101010
1010101010101010
1010101010101010
1010101010101010
1010101010101010
1010101010101010
1010101010101010
1010101010101010
1010101010101010
1010101010101010
1010101010101010
1010101010101010
1010101010101010
1010101010101010
1010101010101010
1010101010101010
1010101010101010
1010101010101010
1010101010101010
1010101010101010
1010101010101010
1010101010101010
1010101010101010
1010101010101010
1010101010101010
1010101010101010
1010101010101010
1010101010101010
1010101010101010
1010101010101010
1010101010101010
1010101010101010
1010101010101010
1010101010101010
1010101010101010
1010101010101010
1010101010101010
1010101010101010
1010101010101010
1010101010101010
1010101010101010
1010101010101010
1010101010101010
1010101010101010
1010101010101010
1010101010101010
1010101010101010
1010101010101010
1010101010101010
1010101010101010
1010101010101010
1010101010101010
1010101010101010
1010101010101010
1010101010101010
1010101010101010
1010101010101010
1010101010101010
1010101010101010
1010101010101010
1010101010101010
1010101010101010
1010101010101010
1010101010101010
1010101010101010
1010101010101010
1010101010101010
1010101010101010
0000000010101010
0000000010101010
0000000010101010
0000000010101010
0000000010101010
0000000010101010
0000000010101010
0000000010101010
0000000000000000
0000000000000000
0000000000000000
0000000000000000
0000000000000000
0000000000000000
0000000000000000
0000000000000000
0000000010101010
0000000010101010
0000000010101010
0000000010101010
0000000010101010
0000000010101010
0000000010101010
0000000010101010
0000000000000000
0000000000000000
0000000000000000
0000000000000000
0000000000000000
0000000000000000
0000000000000000
0000000000000000
0000000000000000
0000000000000000
0000000000000000
0000000000000000
0000000000000000
0000000000000000
0000000000000000
0000000000000000
0000000000000000
0000000000000000
0000000000000000
0000000000000000
0000000000000000
0000000000000000
0000000000000000
0000000000000000
0000000000000000
0000000000000000
0000000000000000
0000000000000000
0000000000000000
0000000000000000
0000000000000000
0000000000000000
0000000000000000
0000000000000000
0000000000000000
0000000000000000
0000000000000000
0000000000000000
0000000000000000
0000000000000000
0000000000000000
0000000000000000
0000000000000000
0000000000000000
0000000000000000
0000000000000000
0000000000000000
0000000000000000
0000000000000000
0000000000000000
0000000000000000
0000000000000000
0000000000000000
0000000000000000
0000000000000000
0000000000000000
0000000000000000
0000000000000000
0000000000000000
0000000000000000
0000000000000000
0000000000000000
0000000000000000
0000000000000000
0000000000000000
0000000000000000
0000000000000000
0000000000000000
0000000000000000
0000000000000000
0000000000000000
0000000000000000
0000000000000000
0000000000000000
0000000000000000
0000000000000000
0000000000000000
0000000000000000
0000000000000000
0000000000000000
0000000000000000
0000000000000000
0000000000000000
0000000000000000
0000000000000000
0000000000000000
0000000000000000
0000000000000000
0000000000000000
0000000000000000
0000000000000000
0000000000000000
0000000000000000
0000000000000000
0000000000000000
0000000000000000
0000000000000000
0000000000000000
0000000000000000
0000000000000000
0000000000000000
0000000000000000
0000000000000000
0000000000000000
1212121212121212
1010101010101010
1010101010101010
1010101010101010
1010101010101010
1010101010101010
1010101010101010
1010101010101010
1212121212121212
1010101010101010
1010101010101010
1010101010101010
1010101010101010
1010101010101010
1010101010101010
1010101010101010
1010101010101010
1010101010101010
1010101010101010
1010101010101010
1010101010101010
1010101010101010
1010101010101010
1010101010101010
1010101010101010
1010101010101010
1010101010101010
1010101010101010
1010101010101010
1010101010101010
1010101010101010
1010101010101010
1212121212121212
1010101010101010
1010101010101010
1010101010101010
1010101010101010
1010101010101010
1010101010101010
1010101010101010
1212121212121212
1010101010101010
1010101010101010
1010101010101010
1010101010101010
1010101010101010
1010101010101010
1010101010101010
1010101010101010
1010101010101010
1010101010101010
1010101010101010
1010101010101010
1010101010101010
1010101010101010
1010101010101010
1010101010101010
1010101010101010
1010101010101010
1010101010101010
1010101010101010
1010101010101010
1010101010101010
1010101010101010
1212121212121212
1010101010101010
1010101010101010
1010101010101010
1010101010101010
1010101010101010
1010101010101010
1010101010101010
1212121212121212
1010101010101010
1010101010101010
1010101010101010
1010101010101010
1010101010101010
1010101010101010
1010101010101010
1010101010101010
1010101010101010
1010101010101010
1010101010101010
1010101010101010
1010101010101010
1010101010101010
1010101010101010
1010101010101010
1010101010101010
1010101010101010
1010101010101010
1010101010101010
1010101010101010
1010101010101010
1010101010101010
1212121212121212
1010101010101010
1010101010101010
1010101010101010
1010101010101010
1010101010101010
1010101010101010
1010101010101010
1212121212121212
1010101010101010
1010101010101010
1010101010101010
1010101010101010
1010101010101010
1010101010101010
1010101010101010
1010101010101010
1010101010101010
1010101010101010
1010101010101010
1010101010101010
1010101010101010
1010101010101010
1010101010101010
1010101010101010
1010101010101010
1010101010101010
1010101010101010
1010101010101010
1010101010101010
1010101010101010
1010101010101010
0000000010101012
0000000010101010
0000000010101010
0000000010101010
0000000010101010
0000000010101010
0000000010101010
0000000010101010
0000000000000000
0000000000000000
0000000000000000
0000000000000000
0000000000000000
0000000000000000
0000000000000000
0000000000000000
0000000010101010
0000000010101010
0000000010101010
0000000010101010
0000000010101010
0000000010101010
0000000010101010
0000000010101010
0000000000000000
0000000000000000
0000000000000000
0000000000000000
0000000000000000
0000000000000000
0000000000000000
0000000000000000
0000000000000000
0000000000000000
0000000000000000
0000000000000000
0000000000000000
0000000000000000
0000000000000000
0000000000000000
0000000000000000
0000000000000000
0000000000000000
0000000000000000
0000000000000000
0000000000000000
0000000000000000
0000000000000000
0000000000000000
0000000000000000
0000000000000000
0000000000000000
0000000000000000
0000000000000000
0000000000000000
0000000000000000
0000000000000000
0000000000000000
0000000000000000
0000000000000000
0000000000000000
0000000000000000
0000000000000000
0000000000000000
0000000000000000
0000000000000000
0000000000000000
0000000000000000
0000000000000000
0000000000000000
0000000000000000
0000000000000000
0000000000000000
0000000000000000
0000000000000000
0000000000000000
0000000000000000
0000000000000000
0000000000000000
0000000000000000
0000000000000000
0000000000000000
0000000000000000
0000000000000000
0000000000000000
0000000000000000
0000000000000000
0000000000000000
0000000000000000
0000000000000000
0000000000000000
0000000000000000
0000000000000000
0000000000000000
0000000000000000
0000000000000000
0000000000000000
0000000000000000
0000000000000000
0000000000000000
0000000000000000
0000000000000000
0000000000000000
0000000000000000
0000000000000000
0000000000000000
0000000000000000
0000000000000000
0000000000000000
0000000000000000
0000000000000000
0000000000000000
0000000000000000
0000000000000000
0000000000000000
0000000000000000
0000000000000000
0000000000000000
0000000000000000
0000000000000000
0000000000000000
0000000000000000
0000000000000000
0000000000000000
0000000000000000
0000000000000000
0000000000000000
0000000000000000
1010101010101010
1010101010101010
1010101010101010
1010101010101010
1010101010101010
1010101010101010
1010101010101010
1010101010101010
1010101010101010
1010101010101010
1010101010101010
1010101010101010
1010101010101010
1010101010101010
1010101010101010
1010101010101010
1010101010101010
1010101010101010
1010101010101010
1010101010101010
1010101010101010
1010101010101010
1010101010101010
1010101010101010
1010101010101010
1010101010101010
1010101010101010
1010101010101010
1010101010101010
1010101010101010
1010101010101010
1010101010101010
1010101010101010
1010101010101010
1010101010101010
1010101010101010
1010101010101010
1010101010101010
1010101010101010
1010101010101010
1010101010101010
1010101010101010
1010101010101010
1010101010101010
1010101010101010
1010101010101010
1010101010101010
1010101010101010
1010101010101010
1010101010101010
1010101010101010
1010101010101010
1010101010101010
1010101010101010
1010101010101010
1010101010101010
1010101010101010
1010101010101010
1010101010101010
1010101010101010
1010101010101010
1010101010101010
1010101010101010
1010101010101010
1010101010101010
1010101010101010
1010101010101010
1010101010101010
1010101010101010
1010101010101010
1010101010101010
1010101010101010
1010101010101010
1010101010101010
1010101010101010
1010101010101010
1010101010101010
1010101010101010
1010101010101010
1010101010101010
1010101010101010
1010101010101010
1010101010101010
1010101010101010
1010101010101010
1010101010101010
1010101010101010
1010101010101010
1010101010101010
1010101010101010
1010101010101010
1010101010101010
1010101010101010
1010101010101010
1010101010101010
1010101010101010
1010101010101010
1010101010101010
1010101010101010
1010101010101010
1010101010101010
1010101010101010
1010101010101010
1010101010101010
1010101010101010
1010101010101010
1010101010101010
1010101010101010
1010101010101010
1010101010101010
1010101010101010
1010101010101010
1010101010101010
1010101010101010
1010101010101010
1010101010101010
1010101010101010
1010101010101010
1010101010101010
1010101010101010
1010101010101010
1010101010101010
1010101010101010
1010101010101010
1010101010101010
1010101010101010
1010101010101010
1010101010101010
0000000010101010
0000000010101010
0000000010101010
0000000010101010
0000000010101010
0000000010101010
0000000010101010
0000000010101010
0000000000000000
0000000000000000
0000000000000000
0000000000000000
0000000000000000
0000000000000000
0000000000000000
0000000000000000
0000000010101010
0000000010101010
0000000010101010
0000000010101010
0000000010101010
0000000010101010
0000000010101010
0000000010101010
0000000000000000
0000000000000000
0000000000000000
0000000000000000
0000000000000000
0000000000000000
0000000000000000
0000000000000000
0000000000000000
0000000000000000
0000000000000000
0000000000000000
0000000000000000
0000000000000000
0000000000000000
0000000000000000
0000000000000000
0000000000000000
0000000000000000
0000000000000000
0000000000000000
0000000000000000
0000000000000000
0000000000000000
0000000000000000
0000000000000000
0000000000000000
0000000000000000
0000000000000000
0000000000000000
0000000000000000
0000000000000000
0000000000000000
0000000000000000
0000000000000000
0000000000000000
0000000000000000
0000000000000000
0000000000000000
0000000000000000
0000000000000000
0000000000000000
0000000000000000
0000000000000000
0000000000000000
0000000000000000
0000000000000000
0000000000000000
0000000000000000
0000000000000000
0000000000000000
0000000000000000
0000000000000000
0000000000000000
0000000000000000
0000000000000000
0000000000000000
0000000000000000
0000000000000000
0000000000000000
0000000000000000
0000000000000000
0000000000000000
0000000000000000
0000000000000000
0000000000000000
0000000000000000
0000000000000000
0000000000000000
0000000000000000
0000000000000000
0000000000000000
0000000000000000
0000000000000000
0000000000000000
0000000000000000
0000000000000000
0000000000000000
0000000000000000
0000000000000000
0000000000000000
0000000000000000
0000000000000000
0000000000000000
0000000000000000
0000000000000000
0000000000000000
0000000000000000
0000000000000000
0000000000000000
0000000000000000
0000000000000000
0000000000000000
0000000000000000
0000000000000000
0000000000000000
0000000000000000
0000000000000000
0000000000000000
0000000000000000
0000000000000000
0000000000000000
0000000000000000
0000000000000000
1010101010101010
1010101010101010
1010101010101010
1010101010101010
1010101010101010
1010101010101010
1010101010101010
1010101010101010
1010101010101010
1010101010101010
1010101010101010
1010101010101010
1010101010101010
1010101010101010
1010101010101010
1010101010101010
1010101010101010
1010101010101010
1010101010101010
1010101010101010
1010101010101010
1010101010101010
1010101010101010
1010101010101010
1010101010101010
1010101010101010
1010101010101010
1010101010101010
1010101010101010
1010101010101010
1010101010101010
1010101010101010
1010101010101010
1010101010101010
1010101010101010
1010101010101010
1010101010101010
1010101010101010
1010101010101010
1010101010101010
1010101010101010
1010101010101010
1010101010101010
1010101010101010
1010101010101010
1010101010101010
1010101010101010
1010101010101010
1010101010101010
1010101010101010
1010101010101010
1010101010101010
1010101010101010
1010101010101010
1010101010101010
1010101010101010
1010101010101010
1010101010101010
1010101010101010
1010101010101010
1010101010101010
1010101010101010
1010101010101010
1010101010101010
1010101010101010
1010101010101010
1010101010101010
1010101010101010
1010101010101010
1010101010101010
1010101010101010
1010101010101010
1010101010101010
1010101010101010
1010101010101010
1010101010101010
1010101010101010
1010101010101010
1010101010101010
1010101010101010
1010101010101010
1010101010101010
1010101010101010
1010101010101010
1010101010101010
1010101010101010
1010101010101010
1010101010101010
1010101010101010
1010101010101010
1010101010101010
1010101010101010
1010101010101010
1010101010101010
1010101010101010
1010101010101010
1010101010101010
1010101010101010
1010101010101010
1010101010101010
1010101010101010
1010101010101010
1010101010101010
1010101010101010
1010101010101010
1010101010101010
1010101010101010
1010101010101010
1010101010101010
1010101010101010
1010101010101010
1010101010101010
1010101010101010
1010101010101010
1010101010101010
1010101010101010
1010101010101010
1010101010101010
1010101010101010
1010101010101010
1010101010101010
1010101010101010
1010101010101010
1010101010101010
1010101010101010
1010101010101010
1010101010101010
1010101010101010
0000000010101010
0000000010101010
0000000010101010
0000000010101010
0000000010101010
0000000010101010
0000000010101010
0000000010101010
0000000000000000
0000000000000000
0000000000000000
0000000000000000
0000000000000000
0000000000000000
0000000000000000
0000000000000000
0000000010101010
0000000010101010
0000000010101010
0000000010101010
0000000010101010
0000000010101010
0000000010101010
0000000010101010
0000000000000000
0000000000000000
0000000000000000
0000000000000000
0000000000000000
0000000000000000
0000000000000000
0000000000000000
0000000000000000
0000000000000000
0000000000000000
0000000000000000
0000000000000000
0000000000000000
0000000000000000
0000000000000000
0000000000000000
0000000000000000
0000000000000000
0000000000000000
0000000000000000
0000000000000000
0000000000000000
0000000000000000
0000000000000000
0000000000000000
0000000000000000
0000000000000000
0000000000000000
0000000000000000
0000000000000000
0000000000000000
0000000000000000
0000000000000000
0000000000000000
0000000000000000
0000000000000000
0000000000000000
0000000000000000
0000000000000000
0000000000000000
0000000000000000
0000000000000000
0000000000000000
0000000000000000
0000000000000000
0000000000000000
0000000000000000
0000000000000000
0000000000000000
0000000000000000
0000000000000000
0000000000000000
0000000000000000
0000000000000000
0000000000000000
0000000000000000
0000000000000000
0000000000000000
0000000000000000
0000000000000000
0000000000000000
0000000000000000
0000000000000000
0000000000000000
0000000000000000
0000000000000000
0000000000000000
0000000000000000
0000000000000000
0000000000000000
0000000000000000
0000000000000000
0000000000000000
0000000000000000
0000000000000000
0000000000000000
0000000000000000
0000000000000000
0000000000000000
0000000000000000
0000000000000000
0000000000000000
0000000000000000
0000000000000000
0000000000000000
0000000000000000
0000000000000000
0000000000000000
0000000000000000
0000000000000000
0000000000000000
0000000000000000
0000000000000000
0000000000000000
0000000000000000
0000000000000000
0000000000000000
0000000000000000
0000000000000000
0000000000000000
0000000000000000
0000000000000000
0000000000000000
1010101010101010
1010101010101010
1010101010101010
1010101010101010
1010101010101010
1010101010101010
1010101010101010
1010101010101010
1010101010101010
1010101010101010
1010101010101010
1010101010101010
1010101010101010
1010101010101010
1010101010101010
1010101010101010
1212121212121212
1010101010121012
1010101010121012
1010101010121012
1010101010121012
1010101010121012
1010101010121012
1010101010121012
1212121212121212
1010101010101010
1010101010101010
1010101010101010
1010101010101010
1010101010101010
1010101010101010
1010101010101010
1010101010101010
1010101010101010
1010101010101010
1010101010101010
1010101010101010
1010101010101010
1010101010101010
1010101010101010
1010101010101010
1010101010101010
1010101010101010
1010101010101010
1010101010101010
1010101010101010
1010101010101010
1010101010101010
1212121212121212
1010101010101212
1010101010101212
1010101010101212
1010101010101212
1010101010101212
1010101010101212
1010101010101212
1212121212121212
1010121010101010
1010121010101010
1010121010101010
1010121010101010
1010121010101010
1010121010101010
1010121010101010
1010101010101010
1010101010101010
1010101010101010
1010101010101010
1010101010101010
1010101010101010
1010101010101010
1010101010101010
1010101010101010
1010101010101010
1010101010101010
1010101010101010
1010101010101010
1010101010101010
1010101010101010
1010101010101010
1212121212121212
1010101012101212
1010101012101212
1010101012101212
1010101012101212
1010101012101212
1010101012101212
1010101012101212
1212121212121212
1210101010101010
1210101010101010
1210101010101010
1210101010101010
1210101010101010
1210101010101010
1210101010101010
1010101010101010
1010101010101010
1010101010101010
1010101010101010
1010101010101010
1010101010101010
1010101010101010
1010101010101010
1010101010101010
1010101010101010
1010101010101010
1010101010101010
1010101010101010
1010101010101010
1010101010101010
1010101010101010
1212121212121212
1010101010101012
1010101010101012
1010101010101012
1010101010101012
1010101010101012
1010101010101012
1010101010101012
1212121212121212
1010101010101010
1010101010101010
1010101010101010
1010101010101010
1010101010101010
1010101010101010
1010101010101010
0000000010101010
0000000010101010
0000000010101010
0000000010101010
0000000010101010
0000000010101010
0000000010101010
0000000010101010
0000000000000000
0000000000000000
0000000000000000
0000000000000000
0000000000000000
0000000000000000
0000000000000000
0000000000000000
0000000010101012
0000000010101010
0000000010101010
0000000010101010
0000000010101010
0000000010101010
0000000010101010
0000000010101010
0000000000000000
0000000000000000
0000000000000000
0000000000000000
0000000000000000
0000000000000000
0000000000000000
0000000000000000
0000000000000000
0000000000000000
0000000000000000
0000000000000000
0000000000000000
0000000000000000
0000000000000000
0000000000000000
0000000000000000
0000000000000000
0000000000000000
0000000000000000
0000000000000000
0000000000000000
0000000000000000
0000000000000000
0000000000000000
0000000000000000
0000000000000000
0000000000000000
0000000000000000
0000000000000000
0000000000000000
0000000000000000
0000000000000000
0000000000000000
0000000000000000
0000000000000000
0000000000000000
0000000000000000
0000000000000000
0000000000000000
0000000000000000
0000000000000000
0000000000000000
0000000000000000
0000000000000000
0000000000000000
0000000000000000
0000000000000000
0000000000000000
0000000000000000
0000000000000000
0000000000000000
0000000000000000
0000000000000000
0000000000000000
0000000000000000
0000000000000000
0000000000000000
0000000000000000
0000000000000000
0000000000000000
0000000000000000
0000000000000000
0000000000000000
0000000000000000
0000000000000000
0000000000000000
0000000000000000
0000000000000000
0000000000000000
0000000000000000
0000000000000000
0000000000000000
0000000000000000
0000000000000000
0000000000000000
0000000000000000
0000000000000000
0000000000000000
0000000000000000
0000000000000000
0000000000000000
0000000000000000
0000000000000000
0000000000000000
0000000000000000
0000000000000000
0000000000000000
0000000000000000
0000000000000000
0000000000000000
0000000000000000
0000000000000000
0000000000000000
0000000000000000
0000000000000000
0000000000000000
0000000000000000
0000000000000000
0000000000000000
0000000000000000
0000000000000000
0000000000000000
0000000000000000
1010101010121012
1010101010121012
1010101010121012
1010101010121012
1010101010121012
1010101010121012
1010101010121012
1010101010121012
1010101010101010
1010101010101010
1010101010101010
1010101010101010
1010101010101010
1010101010101010
1010101010101010
1010101010101010
1010101010121012
1010101010121012
1010101010121012
1010101010121012
1010101010121012
1010101010121012
1010101010121012
1010101010121012
1010101010101010
1010101010101010
1010101010101010
1010101010101010
1010101010101010
1010101010101010
1010101010101010
1010101010101010
1010101010101212
1010101010101212
1010101010101212
1010101010101212
1010101010101212
1010101010101212
1010101010101212
1010101010101212
1010121010101010
1010121010101010
1010121010101010
1010121010101010
1010121010101010
1010121010101010
1010121010101010
1010121010101010
1010101010101212
1010101010101212
1010101010101212
1010101010101212
1010101010101212
1010101010101212
1010101010101212
1010101010101212
1010121010101010
1010121010101010
1010121010101010
1010121010101010
1010121010101010
1010121010101010
1010121010101010
1010121010101010
1010101012101212
1010101012101212
1010101012101212
1010101012101212
1010101012101212
1010101012101212
1010101012101212
1010101012101212
1210101010101010
1210101010101010
1210101010101010
1210101010101010
1210101010101010
1210101010101010
1210101010101010
1210101010101010
1010101012101212
1010101012101212
1010101012101212
1010101012101212
1010101012101212
1010101012101212
1010101012101212
1010101012101212
1210101010101010
1210101010101010
1210101010101010
1210101010101010
1210101010101010
1210101010101010
1210101010101010
1210101010101010
1010101010101012
1010101010101012
1010101010101012
1010101010101012
1010101010101012
1010101010101012
1010101010101012
1010101010101012
1010101010101010
1010101010101010
1010101010101010
1010101010101010
1010101010101010
1010101010101010
1010101010101010
1010101010101010
1010101010101012
1010101010101012
1010101010101012
1010101010101012
1010101010101012
1010101010101012
1010101010101012
1010101010101012
1010101010101010
1010101010101010
1010101010101010
1010101010101010
1010101010101010
1010101010101010
1010101010101010
1010101010101010
0000000010101010
0000000010101010
0000000010101010
0000000010101010
0000000010101010
0000000010101010
0000000010101010
0000000010101010
0000000000000000
0000000000000000
0000000000000000
0000000000000000
0000000000000000
0000000000000000
0000000000000000
0000000000000000
0000000010101010
0000000010101010
0000000010101010
0000000010101010
0000000010101010
0000000010101010
0000000010101010
0000000010101010
0000000000000000
0000000000000000
0000000000000000
0000000000000000
0000000000000000
0000000000000000
0000000000000000
0000000000000000
0000000000000000
0000000000000000
0000000000000000
0000000000000000
0000000000000000
0000000000000000
0000000000000000
0000000000000000
0000000000000000
0000000000000000
0000000000000000
0000000000000000
0000000000000000
0000000000000000
0000000000000000
0000000000000000
0000000000000000
0000000000000000
0000000000000000
0000000000000000
0000000000000000
0000000000000000
0000000000000000
0000000000000000
0000000000000000
0000000000000000
0000000000000000
0000000000000000
0000000000000000
0000000000000000
0000000000000000
0000000000000000
0000000000000000
0000000000000000
0000000000000000
0000000000000000
0000000000000000
0000000000000000
0000000000000000
0000000000000000
0000000000000000
0000000000000000
0000000000000000
0000000000000000
0000000000000000
0000000000000000
0000000000000000
0000000000000000
0000000000000000
0000000000000000
0000000000000000
0000000000000000
0000000000000000
0000000000000000
0000000000000000
0000000000000000
0000000000000000
0000000000000000
0000000000000000
0000000000000000
0000000000000000
0000000000000000
0000000000000000
0000000000000000
0000000000000000
0000000000000000
0000000000000000
0000000000000000
0000000000000000
0000000000000000
0000000000000000
0000000000000000
0000000000000000
0000000000000000
0000000000000000
0000000000000000
0000000000000000
0000000000000000
0000000000000000
0000000000000000
0000000000000000
0000000000000000
0000000000000000
0000000000000000
0000000000000000
0000000000000000
0000000000000000
0000000000000000
0000000000000000
0000000000000000
0000000000000000
0000000000000000
0000000000000000
0000000000000000
0000000000000000
0000000000000000
1010101010121012
1010101010121012
1010101010121012
1010101010121012
1010101010121012
1010101010121012
1010101010121012
1010101010121012
1010101010101010
1010101010101010
1010101010101010
1010101010101010
1010101010101010
1010101010101010
1010101010101010
1010101010101010
1010101010121012
1010101010121012
1010101010121012
1010101010121012
1010101010121012
1010101010121012
1010101010121012
1010101010121012
1010101010101010
1010101010101010
1010101010101010
1010101010101010
1010101010101010
1010101010101010
1010101010101010
1010101010101010
1010101010101212
1010101010101212
1010101010101212
1010101010101212
1010101010101212
1010101010101212
1010101010101212
1010101010101212
1010121010101010
1010121010101010
1010121010101010
1010121010101010
1010121010101010
1010121010101010
1010121010101010
1010121010101010
1010101010101212
1010101010101212
1010101010101212
1010101010101212
1010101010101212
1010101010101212
1010101010101212
1010101010101212
1010121010101010
1010121010101010
1010121010101010
1010121010101010
1010121010101010
1010121010101010
1010121010101010
1010121010101010
1010101012101212
1010101012101212
1010101012101212
1010101012101212
1010101012101212
1010101012101212
1010101012101212
1010101012101212
1210101010101010
1210101010101010
1210101010101010
1210101010101010
1210101010101010
1210101010101010
1210101010101010
1210101010101010
1010101012101212
1010101012101212
1010101012101212
1010101012101212
1010101012101212
1010101012101212
1010101012101212
1010101012101212
1210101010101010
1210101010101010
1210101010101010
1210101010101010
1210101010101010
1210101010101010
1210101010101010
1210101010101010
1010101010101012
1010101010101012
1010101010101012
1010101010101012
1010101010101012
1010101010101012
1010101010101012
1010101010101012
1010101010101010
1010101010101010
1010101010101010
1010101010101010
1010101010101010
1010101010101010
1010101010101010
1010101010101010
1010101010101012
1010101010101012
1010101010101012
1010101010101012
1010101010101012
1010101010101012
1010101010101012
1010101010101012
1010101010101010
1010101010101010
1010101010101010
1010101010101010
1010101010101010
1010101010101010
1010101010101010
1010101010101010
0000000010101010
0000000010101010
0000000010101010
0000000010101010
0000000010101010
0000000010101010
0000000010101010
0000000010101010
0000000000000000
0000000000000000
0000000000000000
0000000000000000
0000000000000000
0000000000000000
0000000000000000
0000000000000000
0000000010101010
0000000010101010
0000000010101010
0000000010101010
0000000010101010
0000000010101010
0000000010101010
0000000010101010
0000000000000000
0000000000000000
0000000000000000
0000000000000000
0000000000000000
0000000000000000
0000000000000000
0000000000000000
0000000000000000
0000000000000000
0000000000000000
0000000000000000
0000000000000000
0000000000000000
0000000000000000
0000000000000000
0000000000000000
0000000000000000
0000000000000000
0000000000000000
0000000000000000
0000000000000000
0000000000000000
0000000000000000
0000000000000000
0000000000000000
0000000000000000
0000000000000000
0000000000000000
0000000000000000
0000000000000000
0000000000000000
0000000000000000
0000000000000000
0000000000000000
0000000000000000
0000000000000000
0000000000000000
0000000000000000
0000000000000000
0000000000000000
0000000000000000
0000000000000000
0000000000000000
0000000000000000
0000000000000000
0000000000000000
0000000000000000
0000000000000000
0000000000000000
0000000000000000
0000000000000000
0000000000000000
0000000000000000
0000000000000000
0000000000000000
0000000000000000
0000000000000000
0000000000000000
0000000000000000
0000000000000000
0000000000000000
0000000000000000
0000000000000000
0000000000000000
0000000000000000
0000000000000000
0000000000000000
0000000000000000
0000000000000000
0000000000000000
0000000000000000
0000000000000000
0000000000000000
0000000000000000
0000000000000000
0000000000000000
0000000000000000
0000000000000000
0000000000000000
0000000000000000
0000000000000000
0000000000000000
0000000000000000
0000000000000000
0000000000000000
0000000000000000
0000000000000000
0000000000000000
0000000000000000
0000000000000000
0000000000000000
0000000000000000
0000000000000000
0000000000000000
0000000000000000
0000000000000000
0000000000000000
0000000000000000
0000000000000000
0000000000000000
0000000000000000
0000000000000000
0000000000000000
1010101010121012
1010101010121012
1010101010121012
1010101010121012
1010101010121012
1010101010121012
1010101010121012
1010101010121012
1010101010101010
1010101010101010
1010101010101010
1010101010101010
1010101010101010
1010101010101010
1010101010101010
1010101010101010
1010101010121012
1010101010121012
1010101010121012
1010101010121012
1010101010121012
1010101010121012
1010101010121012
1010101010121012
1010101010101010
1010101010101010
1010101010101010
1010101010101010
1010101010101010
1010101010101010
1010101010101010
1010101010101010
1010101010101212
1010101010101212
1010101010101212
1010101010101212
1010101010101212
1010101010101212
1010101010101212
1010101010101212
1010121010101010
1010121010101010
1010121010101010
1010121010101010
1010121010101010
1010121010101010
1010121010101010
1010121010101010
1010101010101212
1010101010101212
1010101010101212
1010101010101212
1010101010101212
1010101010101212
1010101010101212
1010101010101212
1010121010101010
1010121010101010
1010121010101010
1010121010101010
1010121010101010
1010121010101010
1010121010101010
1010121010101010
1010101012101212
1010101012101212
1010101012101212
1010101012101212
1010101012101212
1010101012101212
1010101012101212
1010101012101212
1210101010101010
1210101010101010
1210101010101010
1210101010101010
1210101010101010
1210101010101010
1210101010101010
1210101010101010
1010101012101212
1010101012101212
1010101012101212
1010101012101212
1010101012101212
1010101012101212
1010101012101212
1010101012101212
1210101010101010
1210101010101010
1210101010101010
1210101010101010
1210101010101010
1210101010101010
1210101010101010
1210101010101010
1010101010101012
1010101010101012
1010101010101012
1010101010101012
1010101010101012
1010101010101012
1010101010101012
1010101010101012
1010101010101010
1010101010101010
1010101010101010
1010101010101010
1010101010101010
1010101010101010
1010101010101010
1010101010101010
1010101010101012
1010101010101012
1010101010101012
1010101010101012
1010101010101012
1010101010101012
1010101010101012
1010101010101012
1010101010101010
1010101010101010
1010101010101010
1010101010101010
1010101010101010
1010101010101010
1010101010101010
1010101010101010
0000000010101010
0000000010101010
0000000010101010
0000000010101010
0000000010101010
0000000010101010
0000000010101010
0000000010101010
0000000000000000
0000000000000000
0000000000000000
0000000000000000
0000000000000000
0000000000000000
0000000000000000
0000000000000000
0000000010101010
0000000010101010
0000000010101010
0000000010101010
0000000010101010
0000000010101010
0000000010101010
0000000010101010
0000000000000000
0000000000000000
0000000000000000
0000000000000000
0000000000000000
0000000000000000
0000000000000000
0000000000000000
0000000000000000
0000000000000000
0000000000000000
0000000000000000
0000000000000000
0000000000000000
0000000000000000
0000000000000000
0000000000000000
0000000000000000
0000000000000000
0000000000000000
0000000000000000
0000000000000000
0000000000000000
0000000000000000
0000000000000000
0000000000000000
0000000000000000
0000000000000000
0000000000000000
0000000000000000
0000000000000000
0000000000000000
0000000000000000
0000000000000000
0000000000000000
0000000000000000
0000000000000000
0000000000000000
0000000000000000
0000000000000000
0000000000000000
0000000000000000
0000000000000000
0000000000000000
0000000000000000
0000000000000000
0000000000000000
0000000000000000
0000000000000000
0000000000000000
0000000000000000
0000000000000000
0000000000000000
0000000000000000
0000000000000000
0000000000000000
0000000000000000
0000000000000000
0000000000000000
0000000000000000
0000000000000000
0000000000000000
0000000000000000
0000000000000000
0000000000000000
0000000000000000
0000000000000000
0000000000000000
0000000000000000
0000000000000000
0000000000000000
0000000000000000
0000000000000000
0000000000000000
0000000000000000
0000000000000000
0000000000000000
0000000000000000
0000000000000000
0000000000000000
0000000000000000
0000000000000000
0000000000000000
0000000000000000
0000000000000000
0000000000000000
0000000000000000
0000000000000000
0000000000000000
0000000000000000
0000000000000000
0000000000000000
0000000000000000
0000000000000000
0000000000000000
0000000000000000
0000000000000000
0000000000000000
0000000000000000
0000000000000000
0000000000000000
0000000000000000
0000000000000000
0000000000000000
1010101010121012
0000000000000000
0000000000000000
0000000000000000
0000000000000000
0000000000000000
0000000000000000
0000000000000000
1010101010101010
0000000000000000
0000000000000000
0000000000000000
0000000000000000
0000000000000000
0000000000000000
0000000000000000
0000000000000000
0000000000000000
0000000000000000
0000000000000000
0000000000000000
0000000000000000
0000000000000000
0000000000000000
0000000000000000
0000000000000000
0000000000000000
0000000000000000
0000000000000000
0000000000000000
0000000000000000
0000000000000000
1010101010101212
0000000000000000
0000000000000000
0000000000000000
0000000000000000
0000000000000000
0000000000000000
0000000000000000
1010121010101010
0000000000000000
0000000000000000
0000000000000000
0000000000000000
0000000000000000
0000000000000000
0000000000000000
0000000000000000
0000000000000000
0000000000000000
0000000000000000
0000000000000000
0000000000000000
0000000000000000
0000000000000000
0000000000000000
0000000000000000
0000000000000000
0000000000000000
0000000000000000
0000000000000000
0000000000000000
0000000000000000
1010101012101212
0000000000000000
0000000000000000
0000000000000000
0000000000000000
0000000000000000
0000000000000000
0000000000000000
1210101010101010
0000000000000000
0000000000000000
0000000000000000
0000000000000000
0000000000000000
0000000000000000
0000000000000000
0000000000000000
0000000000000000
0000000000000000
0000000000000000
0000000000000000
0000000000000000
0000000000000000
0000000000000000
0000000000000000
0000000000000000
0000000000000000
0000000000000000
0000000000000000
0000000000000000
0000000000000000
0000000000000000
1010101010101012
0000000000000000
0000000000000000
0000000000000000
0000000000000000
0000000000000000
0000000000000000
0000000000000000
1010101010101010
0000000000000000
0000000000000000
0000000000000000
0000000000000000
0000000000000000
0000000000000000
0000000000000000
0000000000000000
0000000000000000
0000000000000000
0000000000000000
0000000000000000
0000000000000000
0000000000000000
0000000000000000
0000000000000000
0000000000000000
0000000000000000
0000000000000000
0000000000000000
0000000000000000
0000000000000000
0000000000000000
0000000010101010
0000000000000000
0000000000000000
0000000000000000
0000000000000000
0000000000000000
0000000000000000
0000000000000000
0000000000000000
0000000000000000
0000000000000000
0000000000000000
0000000000000000
0000000000000000
0000000000000000
0000000000000000
0000000000000000
0000000000000000
0000000000000000
0000000000000000
0000000000000000
0000000000000000
0000000000000000
0000000000000000
0000000000000000
0000000000000000
0000000000000000
0000000000000000
0000000000000000
0000000000000000
0000000000000000
0000000000000000
0000000000000000
0000000000000000
0000000000000000
0000000000000000
0000000000000000
0000000000000000
0000000000000000
0000000000000000
0000000000000000
0000000000000000
0000000000000000
0000000000000000
0000000000000000
0000000000000000
0000000000000000
0000000000000000
0000000000000000
0000000000000000
0000000000000000
0000000000000000
0000000000000000
0000000000000000
0000000000000000
0000000000000000
0000000000000000
0000000000000000
0000000000000000
0000000000000000
0000000000000000
0000000000000000
0000000000000000
0000000000000000
0000000000000000
0000000000000000
0000000000000000
0000000000000000
0000000000000000
0000000000000000
0000000000000000
0000000000000000
0000000000000000
0000000000000000
0000000000000000
0000000000000000
0000000000000000
0000000000000000
0000000000000000
0000000000000000
0000000000000000
0000000000000000
0000000000000000
0000000000000000
0000000000000000
0000000000000000
0000000000000000
0000000000000000
0000000000000000
0000000000000000
0000000000000000
0000000000000000
0000000000000000
0000000000000000
0000000000000000
0000000000000000
0000000000000000
0000000000000000
0000000000000000
0000000000000000
0000000000000000
0000000000000000
0000000000000000
0000000000000000
0000000000000000
0000000000000000
0000000000000000
0000000000000000
0000000000000000
0000000000000000
0000000000000000
0000000000000000
0000000000000000
0000000000000000
0000000000000000
0000000000000000
0000000000000000
0000000000000000
0000000000000000
0000000000000000
0000000000000000
0000000000000000
0000000000000000
0000000000000000
0000000000000000
0000000000000000
0000000000000000
0000000000000000
0000000000000000
0000000000000000
0000000000000000
0000000000000000
0000000000000000
0000000000000000
0000000000000000
0000000000000000
0000000000000000
0000000000000000
0000000000000000
0000000000000000
0000000000000000
0000000000000000
0000000000000000
0000000000000000
0000000000000000
0000000000000000
0000000000000000
0000000000000000
0000000000000000
0000000000000000
0000000000000000
0000000000000000
0000000000000000
0000000000000000
0000000000000000
0000000000000000
0000000000000000
0000000000000000
0000000000000000
0000000000000000
0000000000000000
0000000000000000
0000000000000000
0000000000000000
0000000000000000
0000000000000000
0000000000000000
0000000000000000
0000000000000000
0000000000000000
0000000000000000
0000000000000000
0000000000000000
0000000000000000
0000000000000000
0000000000000000
0000000000000000
0000000000000000
0000000000000000
0000000000000000
0000000000000000
0000000000000000
0000000000000000
0000000000000000
0000000000000000
0000000000000000
0000000000000000
0000000000000000
0000000000000000
0000000000000000
0000000000000000
0000000000000000
0000000000000000
0000000000000000
0000000000000000
0000000000000000
0000000000000000
0000000000000000
0000000000000000
0000000000000000
0000000000000000
0000000000000000
0000000000000000
0000000000000000
0000000000000000
0000000000000000
0000000000000000
0000000000000000
0000000000000000
0000000000000000
0000000000000000
0000000000000000
0000000000000000
0000000000000000
0000000000000000
0000000000000000
0000000000000000
0000000000000000
0000000000000000
0000000000000000
0000000000000000
0000000000000000
0000000000000000
0000000000000000
0000000000000000
0000000000000000
0000000000000000
0000000000000000
0000000000000000
0000000000000000
0000000000000000
0000000000000000
0000000000000000
0000000000000000
0000000000000000
0000000000000000
0000000000000000
0000000000000000
0000000000000000
0000000000000000
0000000000000000
0000000000000000
0000000000000000
0000000000000000
0000000000000000
0000000000000000
0000000000000000
0000000000000000
0000000000000000
0000000000000000
0000000000000000
0000000000000000
0000000000000000
0000000000000000
0000000000000000
0000000000000000
0000000000000000
0000000000000000
0000000000000000
0000000000000000
0000000000000000
0000000000000000
0000000000000000
0000000000000000
0000000000000000
0000000000000000
0000000000000000
0000000000000000
0000000000000000
0000000000000000
0000000000000000
0000000000000000
0000000000000000
0000000000000000
0000000000000000
0000000000000000
0000000000000000
0000000000000000
0000000000000000
0000000000000000
0000000000000000
0000000000000000
0000000000000000
0000000000000000
0000000000000000
0000000000000000
0000000000000000
0000000000000000
0000000000000000
0000000000000000
0000000000000000
0000000000000000
0000000000000000
0000000000000000
0000000000000000
0000000000000000
0000000000000000
0000000000000000
0000000000000000
0000000000000000
0000000000000000
0000000000000000
0000000000000000
0000000000000000
0000000000000000
0000000000000000
0000000000000000
0000000000000000
0000000000000000
0000000000000000
0000000000000000
0000000000000000
0000000000000000
0000000000000000
0000000000000000
0000000000000000
0000000000000000
0000000000000000
0000000000000000
0000000000000000
0000000000000000
0000000000000000
0000000000000000
0000000000000000
0000000000000000
0000000000000000
0000000000000000
0000000000000000
0000000000000000
0000000000000000
0000000000000000
0000000000000000
0000000000000000
0000000000000000
0000000000000000
0000000000000000
0000000000000000
0000000000000000
0000000000000000
0000000000000000
0000000000000000
0000000000000000
0000000000000000
0000000000000000
0000000000000000
0000000000000000
0000000000000000
0000000000000000
0000000000000000
0000000000000000
0000000000000000
0000000000000000
0000000000000000
0000000000000000
0000000000000000
0000000000000000
0000000000000000
0000000000000000
0000000000000000
0000000000000000
0000000000000000
0000000000000000
0000000000000000
0000000000000000
0000000000000000
0000000000000000
0000000000000000
0000000000000000
0000000000000000
0000000000000000
0000000000000000
0000000000000000
0000000000000000
0000000000000000
0000000000000000
0000000000000000
0000000000000000
0000000000000000
0000000000000000
0000000000000000
0000000000000000
0000000000000000
0000000000000000
0000000000000000
