@20303000
1614161616161614
1616161614161616
1616161616161616
1616161616161616
1616161416161416
1614161614161616
1616161616161616
1616161616161616
1616161616161616
1416161616161616
1416161616161616
1616161614161616
1616161614161616
1616161616161616
1616161616161616
1616161614141616
1616161616161616
1614161616161616
1614141616161616
1414161616161616
1414161616161616
1414161616161616
1414141414161616
1416141614161616
1616161614141416
1616161616141414
1616141616141414
1616141614161416
1616141614141414
1616161414141414
1616141414141414
1616161414141414
1616161616161616
1616161616161616
1616161616161616
1616161616161616
1616161616161616
1616161616161616
1616161616161616
1616161616161616
1616161616161616
1616161616161616
1616161616161616
1616161616161616
1616161616161616
1616161616161616
1616161616161616
1616161616161616
1616161614161616
1616161616161616
1616161616161616
1616161616161616
1616161616161416
1616161616161616
1616161616161616
1616161616161616
1616161616161616
1616161616161616
1616161616161616
1616161616161616
1616161616161616
1616161616161616
1616161616161616
1616161616161616
1616161616161616
1616161616161616
1616161616161616
1616161616161616
1616161616161616
1616161616161616
1616161616161616
1616161616161616
1616161616161616
1616161616161616
1616161616161616
1616161616161616
1616161616161616
1616161616161616
1616161616161616
1616161616161616
1616161616161616
1616141616161616
1616141616161616
1616161616161616
1616161616161616
1616161616161616
1616161616161616
1616161616161616
1616161616161616
1616161616161616
1616161616161616
1614161616161616
1616161616161616
1616161616161616
1614161616161616
1416161616161616
1616161616161616
1616161416161614
1616161616161616
1614161416161616
1616141616161616
1616141616161616
1416161616161616
1616141616161616
1616161616141616
1616161616141616
1416161616161616
1614161614161616
1616161616161616
1616161616161616
1616161616161616
1616161616161616
1414161616161616
1414141616161616
1414141416161616
1414161614161616
1414141416161616
1414141416161616
1414141414161614
1414141416141616
1616161416161616
1616161614141616
1616161414161614
1616161616141414
1616161616141414
1616161614141614
1616161614141414
1616161416141414
1414161616161616
1414141616161416
1414141416141616
1414141416161616
1414161416161616
1414161416161616
1414161414161616
1416141616161416
1614141414141414
1414141414141414
1414141414141414
1414141414141414
1414141414141414
1414141414141414
1414141414141414
1414141414141414
1416161616161616
1416141616161616
1414161616161616
1414141416161616
1416141616141616
1616161616161616
1616141616161616
1416161616161616
1414141414141414
1414141414141414
1414141414141414
1614141414141414
1414141414141414
1414141414141414
1414141414141414
1414141414141414
1616161616161616
1616161616161614
1616161616161416
1616161616161416
1616161616141614
1616161616161414
1616161616161414
1616161616161414
1616161616161616
1616161616161616
1618181616161616
1818181616161616
1816161816161616
1616181616161616
1616161816161616
1618161816161616
1616161616141614
1616161616141614
1616161616161614
1616161616161614
1616161414161614
1616161616161416
1616161616161414
1616161816161616
1618161616161616
1618181616161616
1618181816161616
1618181616161616
1616181816181616
1616181816161616
1618181816161616
1618181616161616
1616161616161616
1616161816161616
1616161616181816
1616161616181818
1616161618181618
1616161616181616
1616161618161816
1616161616161616
1616161616161616
1414161616161616
1414161616161616
1616161616161616
1616161616161616
1414161616161616
1414161616161616
1416161616161616
1616161616161816
1616161616181816
1616161818181616
1616161616161616
1616161616161616
1616161618181616
1616161618181816
1616161616181616
1416161616161616
1414161616161616
1416161616161616
1414161616161616
1616161616161616
1616161616161616
1614161618161616
1616161616161616
1414141414141616
1414141414161414
1414141414141414
1414141414141416
1414141414141414
1414141414141414
1414141414141414
1414141414141414
1616161414141414
1616161614141414
1616161614141414
1616141414141414
1616161614141414
1616161414161414
1614161616161414
1616161616161414
1414141414141414
1414141414141414
1414141414141614
1414141414141416
1414141414141414
1414141414141414
1414141414141414
1414141414141414
1616161616141414
1616161616141614
1414161616161614
1614161616141614
1616161616161614
1616161616161614
1616161614141616
1616161614141616
1416161616161616
1416141616161616
1416141416161616
1616141616161616
1614141616161616
1416161616161616
1416161616161616
1616161616161616
1414141414141414
1414141414141414
1414141414141414
1614141414141414
1616161414141414
1616161414141414
1616161414141416
1616161614141416
1616161616161616
1616161616161616
1616161616161616
1616161616161616
1616161816161616
1616161816161616
1616161816161616
1616161616161616
1616161614141616
1616161614141416
1616161616141416
1616161616141616
1616161616141616
1616161616141414
1616161616141416
1618161616161616
1616161816161616
1616161616141616
1616161616161416
1616161616161616
1616161616161614
1616161816161616
1616181816161616
1616161616161616
1616161616161616
1816161616161616
1616161616161616
1616161616161816
1618161616181616
1616181816161616
1816161618161618
1616161818161816
1616181816161616
1616181818161616
1616161816161616
1616181816161616
1616161816161616
1818181816161616
1816161816181816
1816161816161816
1616161818181616
1616161816181616
1616161616161616
1616161616161616
1616161616161618
1616161616161616
1616161616161818
1616161616161618
1616161616161616
1616161616161618
1616161616161616
1618161616161616
1618161616161618
1618161818181618
1816161616181618
1618181818161616
1416141616161616
1616141616161616
1616161616161616
1616161616161616
1416161616161616
1616161818161616
1616161616181616
1616161616161616
1616181818161616
1616181818161616
1618161616161616
1616161616161616
1816161616161616
1816161616161616
1818161616161616
1816161616161616
1616161618161616
1616161818161616
1616161818161616
1616161618161616
1616161618161616
1616161616181618
1618181616161618
1618181618161618
1414141414141414
1414141414141414
1414141414141414
1414141414141416
1614141414161616
1414141414161416
1614141414141616
1614141416161416
1616161616161614
1616161616161614
1616161616161614
1616161616141616
1616141616141616
1616161616141614
1616161616161616
1616161616161616
1614141416141614
1616141416161416
1616141614161616
1614141616161616
1614141616161616
1614141616161616
1614141616161616
1614161616161816
1616161616161616
1616161616161616
1616161616161616
1616161616161616
1616161616161616
1616161616161616
1616161618161616
1616161616161616
1616161616161616
1616161618161616
1616181616161616
1616161616161616
1618181618161616
1616181816161616
1616181816161616
1618161816161616
1818161616161616
1818161616161616
1818161616161616
1816181816161616
1618181816161616
1618181616161616
1616181816161616
1616161616161616
1616161816161616
1616161616161616
1816181616161616
1618181616161616
1616161616161616
1616161616161616
1616161616161616
1616161616161616
1616181616161616
1616181616161616
1616161816181616
1616161616161616
1616161616161816
1616181616161616
1616161616161616
1616181816161616
1816181818181818
1818181818181816
1618181818181818
1818181818161616
1818181818181616
1818181818181616
1818181818181616
1818181818181616
1616161616161616
1616161616161618
1616161616161818
1616181616161818
1618181616161818
1616161618181818
1816161618181816
1816161618181818
1818181818181816
1618181818181816
18181a1818181618
1818181818181818
1818181818181816
1818181818181816
1818181818181816
1818181818181816
1816161616181818
1816161618181818
1616161618181818
1818161818181816
1818181818181818
1818181618181818
181818181818181a
1818161818181818
1616161616161616
1816161616161616
1816161614161616
1818161616181616
1818161616181816
1818181816161616
1618181816161618
1818181816161618
1816181818161618
1818181818181818
1818181818181816
1616161818181818
1616181818181818
1616181818181818
1616181818181818
1616181818181a18
1818181616161616
1818181816161618
1618181816161616
1618181818161818
1818181818181818
1818181816181818
1a18181818181818
1818181818161818
1618181818181816
1618181818181816
16181818181a1818
1616181818181818
1618181818181818
1618181818181818
1618181818181818
161818181818181a
1616161616161816
1616161616161818
1414161616181818
1616161618181618
1616161618181816
1616161616181816
1616161618181816
1616161616181616
1616161616161616
1616161616161616
1818181616181616
1616161616161816
1616161816181816
1616161618181618
1616161618181816
1616161618161816
1616161616181616
1616161616181616
1616161616161616
1616161616161616
1816161616161616
1616181616161616
1616161616181616
1616161616181616
1616161618161616
1616161616181618
1616161616181616
1616161616181816
1616161616161616
1616161616161616
1616161616161616
1616161616161618
1616161616161616
1616161616161616
1616161616161818
1616161616161816
1616161616161816
1616161616161816
1616161616161816
1616161616161616
1616181616161616
1616161816161616
1616161616161618
1616181616161616
1618181616181618
1618181616161618
1618181616181616
1818181616181616
1616161616161616
1616161616161816
1616161616161816
1616161816161818
1616181818181818
1618181618181818
1618161616181818
1618161616181818
1818161616161816
1618161618181816
1616161616181816
1616161616181616
1616161618181616
1616161618181616
1616161618181616
1616161616161616
1818181818181816
181818181a181818
1818181818181618
181818181a181818
1818181a1a181818
181a181a1a181816
1818181818181816
1818181818181818
1818181818181818
181816161816181a
1818161618161818
1818161618161818
1818161618181618
1818181818181618
1818181818181618
1818181818181816
1818181818181818
1818181818181818
1818181818181818
1818181818181818
1818181818181816
1818161616161816
1818181618181816
1818181818181816
1818181818181818
1818181818181818
1818181818181618
181818181a181618
181818181a181618
1818181818181818
1818181818181818
1818181818181818
1818181818161818
1818181816161818
1818181816161818
1818181816161818
1818181816161818
1816181816181818
1818181818181818
1618181818181818
1818181818181818
1818181818181818
1816181818181818
1818181a18181818
1618181818181818
1818181818181a18
1618181a18181a18
1818181818181a18
1818181618181818
18181818181a1818
181818181a181818
1616181a181a1818
1616181a1a181818
181818181a1a1818
1818181818181818
1818181818181818
1818181818181818
1818181818181818
1818181818181818
1818181818181818
1618181818181818
1618181616161818
1618181616181818
1816181818181818
1616161616181616
1616161618161616
1816161616161616
1616181616181816
1816181616181816
1616161616181816
1616161616181816
1616161616181818
1616161616161616
1816161616161618
1818161614161616
1816161616161616
1616161616161616
1616161616161616
1618161616161616
1616161616161616
1618181616161818
1618181816161818
1618181816161616
1616181616161616
1616181616161616
1616181816161616
1616181616161616
1618161616161616
1616161616161616
1618161616161616
1618161616161616
1818161618161616
1818181816181616
1818181816181816
1818181616161816
1818181816161816
1818181818181818
1618181818181818
1818181818181818
1818181818181818
1818181818181818
1818181818181816
1818181818161816
1818181818181818
1616161616181616
1616161618181816
1616161618181818
1816161816181818
1816181818181818
1818181816181818
1818181618181818
1818181618161818
1818181a18181816
18181a1818161616
1818181818161618
1818181818181816
1818161618181816
1618181818161818
1618181818181616
1818181818181818
1818181818181818
1818161818181818
1818161618181818
1616161618181818
1816161618181818
1816161618181818
1816161618181818
1618161818181818
1818181818181818
1818181818181818
1818181818181818
1818181818181818
1818181818181818
1a18181818181818
1a1a181816181818
1a1a181816181818
1818181818181818
181a181818181818
181a181818181818
18181818181a1818
1818181818181818
18181818181a1818
1818181818181818
181a181818181818
1a18181816181818
1818181816161818
1818181816181818
1818181818181818
1818181818181816
1818181818181616
18181a1a18181616
1818181818181616
1818181818181818
18181a1818181818
181a181818181818
18181a1818181818
1a18181818181818
1a18181818181818
181a181818181818
1a18181818181a1a
1818181818181a18
1618181818181a18
1618181818181a18
1818181818181818
1818181818181818
18181a181a181818
1818181818181a18
1818181818181818
1618181818181818
1818181818181818
1818181816161818
1818181818181818
1818181818181818
1818181818181818
1818181818181a1a
181818161818181a
1818181818181a1a
18181818181a1818
1818181818181818
18181818181a1818
18181818181a181a
181818181818181a
1818181818181a18
181a181a18181a1a
181818161818181a
1818161618181818
1818181818181818
1818181818181818
1618181818181818
1616181818181818
1616181a181a1818
18181818181a1818
1616181616161616
1618181816161616
1818181816161616
1818161618161618
1818181818181618
1818181618181618
1818181818181818
1818181816181818
1818181818181818
1818181818181816
1818181818181818
1818181818181818
1818181818181818
1618181818181818
1618181818181818
1618181818181818
1818181818181818
1818181818161818
1818181816161818
1818181816161616
1818181816161618
1818181616161616
1818181816161618
1818181818161816
161818181a181818
18161618181a1818
1616161818181818
1818181818181818
1618181818181816
1818161818181816
1618181818181816
1818181818181818
0000000000000000
0000000000000000
0000000000000000
0000000000000000
0000000000000000
0000000000000000
0000000000000000
0000000000000000
0000000000000000
0000000000000000
0000000000000000
0000000000000000
0000000000000000
0000000000000000
0000000000000000
0000000000000000
0000000000000000
0000000000000000
0000000000000000
0000000000000000
0000000000000000
0000000000000000
0000000000000000
0000000000000000
0000000000000000
0000000000000000
0000000000000000
0000000000000000
0000000000000000
0000000000000000
0000000000000000
0000000000000000
0000000000000000
0000000000000000
0000000000000000
0000000000000000
0000000000000000
0000000000000000
0000000000000000
0000000000000000
0000000000000000
0000000000000000
0000000000000000
0000000000000000
0000000000000000
0000000000000000
0000000000000000
0000000000000000
0000000000000000
0000000000000000
0000000000000000
0000000000000000
0000000000000000
0000000000000000
0000000000000000
0000000000000000
0000000000000000
0000000000000000
0000000000000000
0000000000000000
0000000000000000
0000000000000000
0000000000000000
0000000000000000
0000000000000000
0000000000000000
0000000000000000
0000000000000000
0000000000000000
0000000000000000
0000000000000000
0000000000000000
0000000000000000
0000000000000000
0000000000000000
0000000000000000
0000000000000000
0000000000000000
0000000000000000
0000000000000000
0000000000000000
0000000000000000
0000000000000000
0000000000000000
0000000000000000
0000000000000000
0000000000000000
0000000000000000
0000000000000000
0000000000000000
0000000000000000
0000000000000000
0000000000000000
0000000000000000
0000000000000000
0000000000000000
0000000000000000
0000000000000000
0000000000000000
0000000000000000
0000000000000000
0000000000000000
0000000000000000
0000000000000000
0000000000000000
0000000000000000
0000000000000000
0000000000000000
0000000000000000
0000000000000000
0000000000000000
0000000000000000
0000000000000000
0000000000000000
0000000000000000
0000000000000000
0000000000000000
0000000000000000
0000000000000000
0000000000000000
0000000000000000
0000000000000000
0000000000000000
0000000000000000
0000000000000000
0000000000000000
0000000000000000
0000000000000000
0000000000000000
0000000000000000
0000000000000000
0000000000000000
0000000000000000
0000000000000000
0000000000000000
0000000000000000
0000000000000000
0000000000000000
0000000000000000
0000000000000000
0000000000000000
0000000000000000
0000000000000000
0000000000000000
0000000000000000
0000000000000000
0000000000000000
0000000000000000
0000000000000000
0000000000000000
0000000000000000
0000000000000000
0000000000000000
0000000000000000
0000000000000000
0000000000000000
0000000000000000
0000000000000000
0000000000000000
0000000000000000
0000000000000000
0000000000000000
0000000000000000
0000000000000000
0000000000000000
0000000000000000
0000000000000000
0000000000000000
0000000000000000
0000000000000000
0000000000000000
0000000000000000
0000000000000000
0000000000000000
0000000000000000
0000000000000000
0000000000000000
0000000000000000
0000000000000000
0000000000000000
0000000000000000
0000000000000000
0000000000000000
0000000000000000
0000000000000000
0000000000000000
0000000000000000
0000000000000000
0000000000000000
0000000000000000
0000000000000000
0000000000000000
0000000000000000
0000000000000000
0000000000000000
0000000000000000
0000000000000000
0000000000000000
0000000000000000
0000000000000000
0000000000000000
0000000000000000
0000000000000000
0000000000000000
0000000000000000
0000000000000000
0000000000000000
0000000000000000
0000000000000000
0000000000000000
0000000000000000
0000000000000000
0000000000000000
0000000000000000
0000000000000000
0000000000000000
0000000000000000
0000000000000000
0000000000000000
0000000000000000
0000000000000000
0000000000000000
0000000000000000
0000000000000000
0000000000000000
0000000000000000
0000000000000000
0000000000000000
0000000000000000
0000000000000000
0000000000000000
0000000000000000
0000000000000000
0000000000000000
0000000000000000
0000000000000000
0000000000000000
0000000000000000
0000000000000000
0000000000000000
0000000000000000
0000000000000000
0000000000000000
0000000000000000
0000000000000000
0000000000000000
0000000000000000
0000000000000000
0000000000000000
0000000000000000
0000000000000000
0000000000000000
0000000000000000
0000000000000000
0000000000000000
0000000000000000
