@0000000080283000
1210101010121210
1a1a181a18181610
181a1e1a16161410
1618181616161410
181e1e1a18161410
1a1e1a1a1a181410
1a1e1e1e18181610
16181a1616161410
1010101012121010
181a1a1a1a1a1816
18181e1e18161816
1616181816161816
181a1e1e1a161816
1a1e1a1a1a181618
181e1e1e1a181818
16161a1816161816
181e1e1a18161410
1a1e1e1e1a1a1410
181e181a18161410
161a1a1816161410
16181a1616141410
181e1a1a18161410
1416141414141210
1212121212121010
181a1e1e18181816
181e1e1e1a18181a
181a1a1a18181616
16181a1a18161816
1616181816161614
181a1a1e18181818
1614161414141414
1212121212121212
1210121212101210
121212121010121a
1010101010121216
1012121012121218
1012101012101218
1212121212121218
1212121214121418
1212121214121416
1210101010121212
1010121212121212
1212121212121210
1212101210101010
1210121212121210
1212121014161412
1212121414161614
1012141616161612
1412121210121218
121212121212141a
1212121212101218
1212121212121218
1212121210121216
1212121212121418
1212121212121214
1012101010121012
1212141614161614
1212121414141612
1212121414141612
1212121414141412
1012121414141412
1212141414161616
1212121414141612
1212121414141612
1212121212101010
1012121012121210
1212121012101012
1212121212121212
1012121212121212
1212101212121212
1210121212121212
1212121210121212
1212121212121212
1212121010121212
1212121210121212
1212121212121212
1012121212101012
1012121010121012
1212121212121212
1012121210121012
1212121212121212
1212121212121212
1212121412121212
1210121212121210
1210121210121212
1212121212121212
1412121212121212
1210121212101012
1212121212121212
1212121212121414
1412121214141214
1212121212121212
1210161412121212
1612161614121414
1614161614141616
1414141614141616
1212121212121212
1212121212121210
1210101012121212
1212121212121212
1212121212121012
1212101212121212
1212121212121212
1612101010101010
1212121212121212
1414121214121412
1216161212121012
1216161212121012
1216161212121212
1414141616141212
1414141414161614
1414141414141416
1416141212121212
1416141212121212
1414141614121212
1616141416161412
1616141414141614
1414141616161616
1416161616161614
1414141414141414
1414141414141414
1414141414141414
1414141414141414
1416141614161616
1414141416141616
1414141414141414
1414141414141414
1416141414161414
1212121212121212
1012121212121412
1212121212121212
1010101010121010
1210121212121212
1212121212121414
1212121214141414
1012121414141414
1212121212121212
1212121212121212
1012101212101212
1010101010101012
1212101012121212
1210121212121212
1212101212121212
1212121212121210
1212141412141414
1212141214141414
1414141414141414
1616161414141414
1414161414141414
1616161414141414
1616141414141414
1414141414141414
1012121010101010
1212121212121212
1212141212121416
1212121212141414
1414121414141414
1614121416141416
1614161614161616
1414141614141414
1212121212121212
1212121212121212
1212101010121212
1010101012121210
1012101010101010
1212141212121212
1212121212121212
1212121212121212
1212141212121212
1212121212121212
1212121212121212
1010101212101010
1010101010101012
1212121012121212
1612121212121010
1614121212121212
1212101010101010
1212121212121212
1412121212121212
1212141212121212
1212121212121212
1012121214141214
1012121016161414
1212121416161614
1614101210101010
1614121212121012
1614121212121214
1614121212121212
1414141212121212
1614121212121212
1416121212121212
1414121212121212
1212121212101012
1212121212101212
1212121212121212
1210121212101210
1212121210101212
1010101210121416
1212121212141616
1212121212141616
1212121010101212
1614121012121212
1614121212121212
1414121210101012
1816121212121212
1816121210101010
1a16121212121212
1614121212121212
1212101212161616
1010101010141414
1212121212141414
1214141212141414
1212121212141414
1212121212161614
1212121212141414
1212121212141414
1214121212121210
1414121210101010
1414121212121212
1212121212121212
1212121212121214
1212101212121212
1212121210101212
1212121212121212
1210101012121212
1614141616161614
1616161616181816
1414141414141414
1a18181a1a1e1e1a
1a18181a1e1e1e1e
1e18181e1e1e1e1e
1616161818181816
1014121212101212
1014141614161616
1016141618181816
1014121414141414
101616181a1e1e1a
1016161a1e1e1e1e
1016161e1e1e1e1e
1014141616181816
1416141616181616
1614161616161616
1414141616161616
1212121212121212
1214121212121212
1212121212121212
1212121012121212
1012121212121210
1014121416161616
1014121616161616
1014121416161616
1012121212121212
1014121212121212
1012121212121212
1012101212121212
1012121212121212
1010101010101010
1010121212121010
1210121212121210
1414161614141210
1616161616161410
1614161616161410
1616161616161410
1616161614121210
1010101010101010
1212121212121212
1212101212121012
1010121210121012
1212121212141416
1412121414161616
1412121414161616
1412121214161414
1416161614121010
1414141614121210
1414141414161210
1414141414161410
1414141414161410
1414141616161410
1412141414141210
1414141212121210
1612121412121212
1414141414141414
1416161616141414
1616161416141414
1414141616101414
1414161614141414
1414141214141414
1414141414141414
1010101010101010
1012121012121210
1010121010121210
1010101010101010
1012121214141414
1212121212161214
1212121214141212
1212121214141212
1012141414141412
1210141414141412
1210161414161616
1012141414141412
1210141414141412
1010141414141412
1212161414141412
1614141214141416
1212121216121012
1414141414121212
1414141414121212
1614141414101012
1614141414101012
1414141414101010
1414141414101012
1414121414121214
1414141414141616
1414141414161416
1414141414161616
1414161614141616
1414161412121616
1414141414141414
1214121414141414
1414141414141414
1210121212101010
1210101010101010
1412121210101212
1212101010101012
1210121210121212
1412121012121012
1414121214141412
1414141614141614
1614141614141414
1414141614121416
1414141612141416
1414141614121416
1414141612141416
1414141612141414
1614141614141414
1414141616141414
1414141414141414
1414161614141416
1414141612141414
1214141410121414
1214141410121414
1414121414121414
1414141414141412
1414141414141414
1614161614141414
1616161616141414
1414141614141412
1414141414141412
1414141414141412
1414141414141414
1414141414141414
1414121414141414
1414141414141414
1414141214121414
1414141414141414
1414141414141414
1414141414141414
1414141414141414
1614141414141416
1414141414141414
1412121414141414
1414121212141414
1414141414141414
1414141414121414
1414141414141414
1414141414141414
1414161614141614
1414141414141414
1416161414161414
1414161614161414
1414141416141414
1414141414141414
1414141414141414
1614141414141414
1414141414141414
1414141414141414
1414141414141414
1414161414141416
1416141616141414
1416161416161416
1416141414141416
1416141414141414
1414141414141414
1414141414141414
1414141414141614
1414141414161612
1214141414161412
1414141414141414
1414141414141414
1414141414141414
1414141614161614
1414141414141414
1414141414141414
1414141614141412
1414121414141414
1414141614141414
1414141414141414
1414141414161414
1414141414141414
1414141414141414
1414141414141414
1414141416161616
1414141414141616
1414141414161616
1414141614141414
1614161414141414
1414141414161414
1414141414141214
1414141416141414
1416141414141414
1416141414141616
1416141414141414
1414141414141414
1414141414141416
1414141416161614
1414141414161414
1212121214141414
1210121214141412
1212121414161612
1010121214141212
1010101014141212
1010101214141412
1212121214141412
1416141414161416
1416121212121212
1414121212121012
1616141212121212
1416101012101010
1416101010101010
1414121010101010
1416121012121212
1416141414161614
1416141414161416
1616141614161614
1616141414141414
1616141614141614
1616141414141414
1414141414141414
1414141414141414
1414141414141414
1414141414161414
1416161616161416
1414141614161414
1614141414161416
1614141416141616
1414141414141414
1412141414141414
1414141414141414
1212121212141414
1212121212141414
1010121214161616
1010121212141414
1010101010141414
1010101010141414
1010101010141414
1010101014141414
1212121212121214
1212121212121212
1212121212101012
1210101010101010
1010101010101010
1212141414101010
1212141416121010
1212141414121212
1010101014141414
1616161616161616
1616141616141616
1616141616141414
1414161614141414
1616161616161614
1414141414121214
1214121414141414
1210141412141412
1616161414161616
1416161414161412
1616161414161414
1416161414141414
1414141412141614
1414141412141414
1412121414141414
1212121212121212
1212101212121212
1212121212121212
1212121212121212
1212121212121212
1212121214121212
1212121212121212
1012121212121012
1012121212121212
1016161212141212
1014161616161412
1014161416161612
1014141414141412
1014161614141412
1014141414141412
1014141614141612
1214141414121212
1616141416161616
1614141414141414
1414141614141414
1414141614161416
1414141614121214
1212141614141414
1416141614141414
1014141614141612
1014141616161616
1014141414141614
1014141414141414
1014141414141414
1014141414141414
1014141414121212
1014141416141414
1412141414141210
1414141414121210
1212121212141210
1212121212121210
1412121212121210
1212121212121010
0000000000000000
0000000000000000
1212121212121412
1212141414141414
1414121412141212
1414121212121212
1414141414141414
1212121212121012
0000000000000000
0000000000000000
0000000000000000
0000000000000000
0000000000000000
0000000000000000
0000000000000000
0000000000000000
0000000000000000
0000000000000000
0000000000000000
0000000000000000
0000000000000000
0000000000000000
0000000000000000
0000000000000000
0000000000000000
0000000000000000
1212121412121412
1414121414121414
1414141414141414
1412141414141414
1414141412121414
1212121212121212
0000000000000000
0000000000000000
1414141412141412
1414141414141214
1214141414141414
1414141414141414
1414141414141414
1212121212121212
0000000000000000
0000000000000000
0000000000000000
0000000000000000
0000000000000000
0000000000000000
0000000000000000
0000000000000000
0000000000000000
0000000000000000
0000000000000000
0000000000000000
0000000000000000
0000000000000000
0000000000000000
0000000000000000
0000000000000000
0000000000000000
1414141414141414
1412121414141412
1414141414141414
1414141414121414
1212141414141414
1210101212121212
0000000000000000
0000000000000000
1214141414141414
1612121414141414
1414161412141414
1414141614121212
1414141612141412
1212121210121212
0000000000000000
0000000000000000
0000000000000000
0000000000000000
0000000000000000
0000000000000000
0000000000000000
0000000000000000
0000000000000000
0000000000000000
0000000000000000
0000000000000000
0000000000000000
0000000000000000
0000000000000000
0000000000000000
0000000000000000
0000000000000000
1414141414141614
1414141414121414
1414141212121414
1412141214141414
1414141414141414
1212121212121212
0000000000000000
0000000000000000
1214121414141414
1414141414121214
1414141212121414
1414121210141414
1414121414141214
1212121212121212
0000000000000000
0000000000000000
0000000000000000
0000000000000000
0000000000000000
0000000000000000
0000000000000000
0000000000000000
0000000000000000
0000000000000000
0000000000000000
0000000000000000
0000000000000000
0000000000000000
0000000000000000
0000000000000000
0000000000000000
0000000000000000
1414141414141214
1414141414141414
1214141414161412
1414141414141612
1414141414141414
1212121212121212
0000000000000000
0000000000000000
1414141414141414
1414141414141414
1414121414141412
1414141414141412
1412121414141414
1212121212121212
0000000000000000
0000000000000000
0000000000000000
0000000000000000
0000000000000000
0000000000000000
0000000000000000
0000000000000000
0000000000000000
0000000000000000
0000000000000000
0000000000000000
0000000000000000
0000000000000000
0000000000000000
0000000000000000
0000000000000000
0000000000000000
1414141414141414
1414141416161414
1416141414141414
1416161414161412
1614141614141612
1212121212121212
0000000000000000
0000000000000000
1414141414141414
1414141414141414
1414141414141414
1414141414161614
1414141616161416
1212121212121212
0000000000000000
0000000000000000
0000000000000000
0000000000000000
0000000000000000
0000000000000000
0000000000000000
0000000000000000
0000000000000000
0000000000000000
0000000000000000
0000000000000000
0000000000000000
0000000000000000
0000000000000000
0000000000000000
0000000000000000
0000000000000000
1414121214141414
1414121414141414
1414141414141414
1414141414121414
1414141414141414
1212121212121212
0000000000000000
0000000000000000
1414141414141414
1414141414141414
1414141414141416
1414141614141414
1414141414141414
1212121212121212
0000000000000000
0000000000000000
0000000000000000
0000000000000000
0000000000000000
0000000000000000
0000000000000000
0000000000000000
0000000000000000
0000000000000000
0000000000000000
0000000000000000
0000000000000000
0000000000000000
0000000000000000
0000000000000000
0000000000000000
0000000000000000
1414141414141412
1414141414141414
1214141414141414
1214141414141414
1414141414141414
1212121212121212
0000000000000000
0000000000000000
1014141416141414
1014141414141414
1014141414121414
1014141214121412
1012141214141414
1012121212121012
0000000000000000
0000000000000000
0000000000000000
0000000000000000
0000000000000000
0000000000000000
0000000000000000
0000000000000000
0000000000000000
0000000000000000
0000000000000000
0000000000000000
0000000000000000
0000000000000000
0000000000000000
0000000000000000
0000000000000000
0000000000000000
