@0000000080000000
1414141414141210
1414141414161210
1818161618161210
1a1a161818141210
161a181a16161210
16181e1816161210
1416181614121410
16181e1816141210
1414141414161416
1414141414141414
1818161618181418
181a161818161614
1618181a18161616
16181a1a16161616
1416181616141212
16161e1816161416
161a1a1816161410
181a161a16141210
1818161618141210
1616141616141210
1818141816141210
1618181614141210
1616181616141210
1416161614121210
16181a1a16161616
161a181818141614
1818161618161216
1616141616161216
1618161816141414
1616181816161614
1416181816141414
1214161614121212
1414141414141414
1414161416141614
1614141414161416
1414141414141416
1414141414141416
1616141414161416
1414141414141414
1414141414141414
1414141416141414
1414141414141614
1414141414141614
1414141414141414
1414141414161416
1414141414161414
1614161414161416
1614141414141414
1414141416161616
1414141616161416
1414161614141414
1416161416141414
1416141414141414
1414141614141416
1416161614141414
1616141414161412
1614141616141414
1416161414161414
1416141416161414
1414141416161616
1616141616161614
1414161816161816
1414161816181816
1416161618181616
1416141414141414
1416141614141414
1614141414141414
1414161414141614
1414141414141414
1614141414141414
1414141414141416
1416141416141416
1614161416141616
1416141614161616
1614141416161414
1414141416141414
1414141414141414
1414141414141614
1414141414161414
1614141414141414
1414161414141614
1416141614141414
1414161416141416
1414161414161414
1414141614141416
1414141414141416
1614141414141414
1414141616141614
1414141614141414
1416161414161616
1414141414141414
1414141414141416
1414141416141414
1414141414141614
1614141414141414
1416161416161416
1616161416141414
1616161616161414
1614141414161614
1614141414141414
1614141414141414
1616161414141414
1414141414141414
1414141414141414
1414141614141414
1414161416141614
1416141414141414
1614161614161614
1416181414141414
1416181414141416
1416161414141414
1416181414141414
1414141416161414
1414141616141416
1416141414141414
1414141414141414
1616161414161416
1414161616141416
1614161414141614
1616161614141416
1416181414141414
1618181414141416
1618181614141414
1616161616161414
1616161616161614
1416141616161616
1616161616161616
1616161616161616
1414141416141414
1414161414141614
1414141414161614
1614161416161414
1614141414141414
1414141416141614
1414141614141414
1414141416141414
1414141414141616
1416161614141616
1414141416141614
1414141416141414
1414141414161414
1414141414141414
1414141414141614
1414141414141414
1414141414141414
1414141414141414
1414141416161416
1414141414141616
1414141414161616
1416141416161616
1414141616161616
1414141616161616
1414141414161414
1414141416141614
1414141414141414
1416141414141614
1614141414141416
1414141414141416
1614161416161614
1414141414141614
1614141416141416
1416161414161616
1414141414161414
1414161414141414
1414141414141414
1414141414141414
1414141414141414
1414141414141416
1414141414141414
1414141416141614
1414141416161414
1414141614141414
1414141414141414
1414141416141414
1414141414141414
1416141414141414
1414141414141414
1414141614141416
1414141416161416
1414141414161414
1614141414141414
1614161416141414
1414161614141416
1414141414141414
1414141414141414
1414141414141416
1414141416141414
1614141614141416
1616161414161414
1616141414141614
1816141614141414
1816161616141414
1416161414141414
1414141414141414
1414141414141414
1414141414141414
1414161414141414
1414141416141414
1414141414141414
1414141414141414
1414161614141416
1414141414141414
1616141414141414
1414141414141414
1414141414141416
1414141614141414
1414161414141414
1416141414141414
1414141414141414
1614161414141416
141414141414141a
1416141416141616
1414141414141616
1414141614181618
1414161414161818
1414141414141818
1416141414141614
1616141416141414
1416141414141614
1414161416141616
1416161416141614
1616141414141414
1416141414141414
1416141414141414
1414141414141614
1614141416141416
1614161416161616
1414141414141414
1414141414141414
1414141414141414
1414141414141414
1414141414141414
1012141614141414
1012141416161414
1014141616161616
1012141414141414
1012141414141414
1012141414141414
1014141414141414
1012141414141414
1414141414141414
1416141416161616
1614141614141414
1414141414141414
1414141416141614
1416161416161616
1414141414141414
1414141414141414
1012141414161414
1014161616161616
1012141414141414
1012141414141414
1014161414161414
1014161616161616
1014141616161414
1012141414141414
1616181616141210
1618161616161210
1818141816141210
1618161618161210
1a18161818161210
1a1e161a1a161410
181e1e1a18181210
181a1e1818141210
1616181816141614
1416181816161414
1618161816141414
1618161618161416
181a161818181418
181a181a1e161816
181a1e1e18181618
16181e1e18161416
16181a1816141410
181e1e1e18161410
1a1e181e18181410
1a1a16181a141410
181a16161a181210
1414141414141210
1416141414141210
1414141414141210
14161a1816161616
18181e1e18161616
181e1a1e1a161618
181a16181a161416
1618161618181618
1414141414141414
1414141414141414
1414141414141414
1414141614161416
1614141414141414
1414141414141414
1414141414141416
1414141614141414
1414141414141418
1414161414161416
1414141414141414
1414141816161616
1414161616161816
1614161616161614
1614161616161614
1614141616161614
1414161816161614
1416161616161614
1414141616161614
1414141414141416
1414141414141416
1414161414141418
1414141416141414
1414141414141416
1414141414141414
1616141414161414
1414141614141414
1414161616161614
1414141616161614
1414161616161616
1414161616161816
1414161616161616
1414141616161614
1414161616161614
1414161616161616
1414141414141414
1414141416141416
1414141414161414
1414161616141414
1416161416141414
1414161416141414
1414161614141414
1414141614141414
1414141614141414
1414161414141414
1414161616141414
1414141414141416
1414141414141414
1414141414161414
1614141416141414
1416161416141414
1614161614161414
1614141414161614
1614141414141414
1414141414161414
1614141414141416
1414161614141414
1616161414141414
1414141414141416
1616181414161614
1614161616141414
1616161816161616
1816161816141616
1618181816161616
1816161616161a18
1616161616161818
1616161616161616
1614161414141414
1616141414141414
1616141414141416
1616161616141414
1616161818141414
1616161816141414
1818161616141416
1818161616161416
1614161616161616
1616161616161616
1616161616161616
1616161614161616
1616161616161616
1616161618161616
1818181818181818
1616161616181616
1616161616161614
1816161616161616
1618161616161618
1616161816181816
1616161618181816
1616181818181818
1618161616161616
1616161616161616
1616161618161618
1818181818181618
1616161616161616
1616161616161616
1618161616161618
1616161616161416
1818181818181616
161616161a181618
1414161616161616
1616181616161616
1414161616161416
1616161616161616
1616161616141616
1616161616161616
1616181616181818
1616181616161816
1416161614141414
1616141616161414
1614161416141416
1414141614161416
1416141414141416
1616141414161416
1414161414161616
1414141414161616
1616161616161616
1616181618181818
1816181616161616
1818181616161616
1618181616161616
1818161616161616
1616161616181818
1616161618181818
1616141416161616
1618161616161616
1616141618161616
1616161816161618
1618181816161818
1616161818181818
1616161616161616
1616161616161616
1414161416161414
1616161414161614
1414141414141414
1616141414161414
1414141414141414
1414141414141614
1414141414141414
1414141414141414
1816141614141614
1816141614141414
1616141414141414
1614141414141414
1616141414141416
1616141614141414
1614141414141414
1616141614141414
1414141614141414
1414141414141414
1414141614161414
1414141416161416
1414141418161616
1416141418181616
1614141418181616
1414141618161616
1616141414141414
1616141614141414
1616141414141414
1816141414141414
1616141414141414
1616141414141414
1616161414141416
1616141414141414
1414141414161816
1614141414181818
1414141414161616
1414141414161616
1414141414161616
1414141414161616
1414141414161616
1414141414161616
1414141414141416
1416141414141414
1414141414141414
1414141414141414
1414141414161414
1416141414161614
1414141414141414
1414141416141414
1414141414161616
1414141414161616
1414141414161616
1414141414181818
1414141414181616
1414141414161616
1414141414161616
1414141614161616
1414141414141614
1414141414141414
1414141414141414
1614141414141414
1414141414141414
1414141414141414
1414141414141414
1414141414141414
1414141414141414
1414141414141414
1412141414141414
1414141414141414
1614141616161614
1616161616161616
1414141414141414
1414141414141414
1012141414141414
1012141414141414
1012141414141414
1012141414141414
1012141416161614
1012141616161616
1012141414141414
1012141414141414
1414141414141414
1414141414141414
1414141414141414
1414141414141414
1414141614141414
1414141414141414
1414141414141414
1414141414141416
1012141414141414
1012141414141416
1012141414141414
1012141414141414
1012141414141414
1012141414141414
1012141414141414
1012141414141414
1414141414141210
1414141414141210
1414141414141210
1414141414141210
1414141414141210
1416141414161210
1616181816161210
18181a1818181410
1414141414141414
1414141414141414
1414141414141414
1614141414141414
1414161414141616
1414141414141414
1414141414141414
1416141414141416
181a181818181410
1818181818181210
1818181818181410
1818181816161410
181a181a18181410
1818181818181410
1a18161816161210
1818181816161210
1416141414161618
1414141416181818
1616141618181818
1616141618181818
1614141618181818
1614141618181818
1616141416181818
1616141416181616
1616161414161614
1614161614141414
1416141414141614
1414141414141414
1414141414141414
1414141414141414
1414161414141414
1414141414141414
1416161616161614
1414161616161616
1414161616161614
1414161616161614
1416181616161616
1416181616161816
1414161616161616
1414161616161614
1414141414161616
1414161414181618
1414141614181616
1614161616181616
1616141614161616
1416141416181616
1414161416181616
1416141416161616
1414161616161614
1616161616161614
1616161616161614
1416161616161616
1414181616161614
1816181616161616
1818161616181616
1616161616161616
1414141414141614
1614141414141414
1414141414141414
1414141414141414
1614141616141414
1616141414141414
1414161414141414
1414141414141414
1618161616161616
1616161616161616
1616161616161616
1616161614161616
1616161614161616
1616161614161618
1616161616161616
1616161616161616
1414141414141414
1414141416141416
1616161616161614
1616141616161614
1616161618161616
1616161616161616
1616161616161816
1616161616161616
1618161816161616
1616161616161616
1616161616181616
1616161616161616
1616161616161616
1818181816181618
1616161618181616
1616161616161616
1616161816161816
1616161616161616
1616161614161616
1616161616161616
1616161616161616
1616161616161616
1616161616161616
1616161616161616
1616141616181616
1616161616161816
1616161416161816
1416161614161616
1616161616161616
1616161616161618
1616161616161616
1616161616161618
1616161816181616
1616161414161616
1616161416141616
1616161616161616
1616161616161616
1a18181816181616
1616161616161618
1616161616161616
1616141616161616
1616161616161616
1616161614161616
1618181616161618
1618181614161616
1a1a1a181818181a
1616161616161616
1616161616161616
1816181616181816
1616161618181614
1618161616181614
1616161618181616
1418161816161614
1616161616161616
1616181616181616
1616161618161614
1616161616181816
1616161616161616
1616141616161616
1616161616161616
1616161616161616
1616141616161616
1616161616161616
1616141616161616
1816181618161616
1618161618161614
1618181616161616
1618161618161616
1616181616161616
161616181e1a1818
1616161616161616
1616161616161616
1616161616181816
1614161616161614
1616161616161616
1616141616161614
1616161616161616
1618181616181618
1616161616161616
1616161816161616
1414141416161616
1414141616161616
1414141416161616
1414141616161616
1414161616161616
1616161616181816
1416141616161616
1416161416161616
1616141416141414
1616141416141414
1616141414141414
1616141414141414
1616161614141414
1618161414161616
1616161414141616
1616141614161616
1416161616161614
1414141616161416
1414141616161616
1416161616161616
1616141616161614
1416161816161616
1616161616181616
1618161616161618
1616141414141414
1616141414141414
1616141416161614
1616161616161614
1616141416141616
1616141416161616
1616161616161616
1616161616161616
1416161614161616
1414141414161616
1414141416161616
1414141414161616
1414141616161616
1414161616181616
1416141416161616
1414161614161616
1614141414141414
1414161414141414
1414141414141416
1414141414141414
1414161414141614
1414161614161414
1416141614161414
1414141616141614
1414141416161616
1414161414161616
1416141616181616
1614141414161616
1414141614161616
1414161416161616
1616141616161616
1614141416161616
1616141414141414
1616141414141414
1416161616141616
1416161616161614
1616161616141414
1616161616161416
1416161616161616
1414161616161416
1614141614141414
1414141414141414
1414141414141414
1414141416141414
1416141414141414
1414141414161414
1416161614141414
1616141414141416
1012141414141414
1012141416141414
1012161414161414
1012161416161414
1012161616161614
1012161618161614
1014161616181616
1012161616161616
1616141414141414
1614161416161414
1414161416161616
1414141414141416
1616141614141414
1614141414141616
1614141414141414
1414141414141614
1012161616161614
1012161616161616
1012161816161614
1012161616161614
1012161616161414
1014161616161616
1012161616161616
1012161616161614
1618161816161210
1618181818141210
1816161816141210
1616161616161210
1616161616161410
1618161616181210
1616161616161210
1616161616161410
1616161414161414
1616161616161616
1616161616161616
1616161616161616
1818161616161616
1618161616161616
1818161616141616
1616181616161616
1616161616161410
1616161614161210
1616161616161410
1616161616161410
1616161616161210
1616161616161210
1616161616161210
1616161816161410
1616161416141616
1616161618161616
1618161816161616
1616161616161616
1616161616161616
1616161616161616
1616161616161616
1616161616161616
1416161616161616
1616161616141616
1616161616141616
1616161616161616
1616161616141616
1816161616141616
1816161616141616
1616161616141616
1616161616161616
1616161616161616
1618161616161616
1616161616181816
1616161616181816
1616161616181618
1816181616161818
1616161616161618
1816161616141616
1616161416141616
1616161616141416
1616161616161616
1616161616161416
1616161616161616
1616161616161616
1616161616161616
1616181816161616
1616181614161616
1616161616161616
1416141616161616
1614161416161616
1614141416141616
1616161616161616
1616161618161616
1616161618161616
1618161616161616
1616161616161616
1618181616161616
1618161616161616
1616161616161618
1616161616161616
1416161614161616
1816161818161616
1616161818161616
1618181818161616
1618161616161616
1616181816161616
1816161616161616
1816161616161616
1616161616161616
1616161614161616
1616161614161616
1616161616161616
1614161616161616
1616161616161616
1616161616161616
1616161616161616
1616161616161616
1416161616161616
1616161616161616
1616161816161616
1616161616161616
1616161616161616
1416141616161616
1616161616161616
1616161616161616
1616161616181616
1818181616161616
1616181816181616
1616161816161616
1616161618161618
1616161616161616
1616161616161616
1616161616161616
1616161616161616
1816161618161816
1618181618161616
1818181816161616
1618161616161616
1618161616161616
1818181816161616
1618161616161616
1616161616161616
1616161616161616
1616161616161616
1618161616161414
1616161616161616
1616161616161616
1616161616161616
1616161616161616
1818161816161616
1618161616141616
1618161616161616
1618161616161616
1616161616161616
1616161616161416
1616161616161416
1616161614161616
1616161616161616
1616181816161816
1816161816161618
1616161616181818
1616161616161816
1616161616161618
1616161616161818
1616161618161618
1616161618181616
1616161618161616
1616161616161616
1618181616161816
1616161616161618
1616161616161618
1616161616161616
1616161616161616
1616161616161616
1616161616161616
1616161616161616
1616161618161616
1616161618161618
1616161616161416
1616161616161614
1616161616161416
1416161616161614
1616161616161416
1616161616161616
1614161616161616
1416161616161616
1616161616161616
1416161616161614
1616161816161616
1618161616161618
1616161616181818
1816161616161616
1616161616161616
1816161616161616
1616161616161816
1616161616161616
1616161616161616
1616161616161616
1616161616181618
1618161616161618
1616161616161616
1616161616161616
1616161616161616
1616161616161616
1616161616161616
1616161616161616
1616161616161616
1616161616161616
1416161616161616
1616161616161616
1616161616161616
1616161616161414
1616161416161614
1616161616161616
1616161616161616
1616161614161616
1616141616161616
1616161616161616
1616161616161616
1616161616141416
1616161616161616
1616161416161616
1416161616161616
1616161816181818
1616161616161616
1616161618161616
1616161616161616
1616161618161616
1616161616161616
1414161616161616
1614161616161616
1616161616161816
1616161616161616
1616161616161818
1616161616161616
1616161616161614
1616161616161618
1616161616161616
1616161616181616
1616161616161616
1616161616161616
1616161616161616
1616161616161616
1616161616161616
1416141616161416
1616161616161618
1616161616161618
1616161616161616
1616161816161616
1616161616161616
1616161616161616
1616161616161616
1616161616161614
1616161616161616
1616161616161616
1816161616161616
1616161616161616
1616161616161616
1616161616161616
1616161616161616
1816161616161616
1012161616161616
1012161616161616
1012161616161616
1014161616161816
1012161616161616
1012161416161616
1014161616161616
1012161616161618
1616161616161616
1616161616161616
1616161616161616
1616161616161616
1616161616161616
1614161614161616
1616161616161616
1616161616161614
1014161616161616
1012161616161616
1012161616161616
1012161616161616
1012161416161616
1012161616161616
1012161616161616
1014161616161616
1616161616161210
1616161616161410
1616161618161210
1616161616161410
1616161616161210
1616161616161210
1616161616161410
1616161616161210
1614141416161616
1616161616161616
1616161616161616
1616161816161616
1616161616161616
1616161616161616
1616161616161616
1616161616161616
1616161616161210
1616161616161410
1616161616161210
0000000000000000
0000000000000000
0000000000000000
0000000000000000
0000000000000000
1616161616161616
1616161616161614
1616161616161416
0000000000000000
0000000000000000
0000000000000000
0000000000000000
0000000000000000
1616161616161616
1616161616161616
1616161616161616
1616161616161616
1616161616161616
1616161616141616
1616161616161616
1616161616161616
1616161616161616
1616161616161616
1616161616161616
1616161616161616
1616161616161616
1616141616161616
1614161616161616
1614161616161616
1616161614161616
1616161616141616
1616161616161616
0000000000000000
0000000000000000
0000000000000000
0000000000000000
0000000000000000
1616161616161616
1616161616161616
1616161616161616
0000000000000000
0000000000000000
0000000000000000
0000000000000000
0000000000000000
1616161616161616
1616161616161616
1616161616161616
1616161616161616
1416161616161614
1616161616161616
1616161416161616
1616161616141614
1616161616161616
1616161616161616
1616161616161614
1616161614161616
1616161616161616
1614161816161616
1616161616161616
1616161616161616
1616141616161616
1616161616161616
1616161616161616
0000000000000000
0000000000000000
0000000000000000
0000000000000000
0000000000000000
1616161614161616
1616161616161616
1616161616161618
0000000000000000
0000000000000000
0000000000000000
0000000000000000
0000000000000000
1616161616161616
1616161616161616
1616161616161616
1616161614161616
1616161616161616
1616161616161616
1616161616161616
1616161616161616
1616161416161616
1616161614161616
1616161416161616
1616161416161416
1616161616141616
1616161616161616
1616161416141616
1614161416161616
1616161614161616
1616161616161614
1616161616161616
0000000000000000
0000000000000000
0000000000000000
0000000000000000
0000000000000000
1616161416161616
1616161616161414
1616161616161616
0000000000000000
0000000000000000
0000000000000000
0000000000000000
0000000000000000
1616161616161614
1616161616161616
1616161616161616
1616161416161616
1616161616161616
1616161616161616
1616161616161616
1616161616161616
1616161616161416
1616161616161616
1616161616161616
1616161616161416
1616161616161416
1616161616161616
1616161416161616
1616161416161616
1616161616161616
1616161616161616
1616161616161616
0000000000000000
0000000000000000
0000000000000000
0000000000000000
0000000000000000
1616161616161616
1616161416141616
1616161616161616
0000000000000000
0000000000000000
0000000000000000
0000000000000000
0000000000000000
1616161616141616
1416161616161818
1416161616161616
1616161616161614
1616161616161616
1616161616161616
1616161616161616
1616161616161616
1616161616161616
1616161616161616
1616141616141616
1616161616161614
1616161616161616
1616161416161616
1616161616161616
1616141616161616
1616161616161616
1416161616161616
1616161616161616
0000000000000000
0000000000000000
0000000000000000
0000000000000000
0000000000000000
1416161616161616
1616161616161616
1616161616161616
0000000000000000
0000000000000000
0000000000000000
0000000000000000
0000000000000000
1614141416161616
1616161616161616
1616161616141616
1616161416161616
1616161616161616
1616161616161616
1614161616141616
1616161616161616
1614161416161616
1616161616161616
1616161616161614
1616161616161616
1616161616161616
1616161616161616
1616161616161414
1616161616161616
1416161616161616
1616161616161616
1616161616161416
0000000000000000
0000000000000000
0000000000000000
0000000000000000
0000000000000000
1616161616141616
1616161616161616
1616161616161616
0000000000000000
0000000000000000
0000000000000000
0000000000000000
0000000000000000
1616161616141616
1616161616161616
1616161616161616
1616161616161616
1416161416141614
1616161616161616
1616161616161616
1416161616161616
1012181616161616
1012161616161616
1012161616161616
1014161616161616
1012161616141616
1012161616141614
1012161614161616
1012161416161616
1616161616161616
1616161616161616
1614141616161616
0000000000000000
0000000000000000
0000000000000000
0000000000000000
0000000000000000
1012161416161616
1012161616161616
1012161616161616
0000000000000000
0000000000000000
0000000000000000
0000000000000000
0000000000000000
