@0000000080601000
1a1a1a1a1a1a1a1a
1a1a1a18181a1a1a
181a1a1a1a181a1a
1a1a1a1a1a1a1a1a
181a181a1a1a181a
1a1a1a1a1a181a1a
1a1a1a1a1a1a181a
1a18181a1a1a1a1a
1a181a1a181a1a1a
1a181a1a1a181a1a
181a1a1a1a1a1a1a
1a1a1a1a1a1a1a1a
1a181a1a1a1a1a1a
1a1a1a1a1a181a1a
181a1a181a1a1a1a
1a1a1a1a1a181a1a
1a1a1a1a1a1a1a1a
1a1a1a1a1a1a1a1a
18181a1a1a1a1a1a
181a1a1a1a1a1a1a
1a1a1a1a1a1a1a18
1a1a1a1a1a1a1a1a
181a1a18181a1a1a
1a1a1a181a1a1a1a
1a1a1a1a1a181818
1a1a1a1a1a1a1a18
181a1a1a1a1a1a18
1a1a1a1a1a1a1a1a
1a1a1a1a1a1a181a
1a1a1a1a1a1a1a1a
1a1a1a1a1a1a181a
1a1a1a181a1a1a1a
1a181a1a181a1a1a
1a1a1a1a1a1a1a1a
1a1a1a18181a1a1a
1a1a1a1a1a1a1a18
1a1a1a181a1a1a1a
1a1a181a1a1a1a1a
1a181a1a1a1a1a1a
1a1a1a1a181a1a1a
181a1a181a1a1a1a
1a1a1a1a1a1a181a
1a1a1a1a1a1a1a1a
181a1a181a181a1a
181a1a1a1a1a1a1a
1a1a1a1a1a1a1a1a
1a1a1a1a181a1a1a
1a1a1a1a181a1a18
1a181a1a1a1a1a1a
1a181a1a18181a1a
1a1a1a1a1a1a1a1a
1a1a1a1a1a1a1a1a
1a1a181a1a1a181a
1a1a1a1a181a1a1a
1a1a1a181a1a1a1a
1a18181a1a181a1a
181a1a1a1a1a1a1a
1a1a1a1a1a1a1a1a
1a1a1a181a1a1a1a
181a181a1a1a1a1a
1a1a1a1a1a1a1a1a
1a1a1a181a1a1a1a
1a1a1a1a1a1a1a1a
1a1a1a1a1a1a181a
1a1a1a181a1a1a1a
1a1a1a1a1a181a1a
1a1a1a1a1a1a1a18
18181a1a181a1a1a
1a1a181a1a1a1a1a
181a1a1a1a1a1a1a
181a1a1a1a1a1a1a
1a1a1a1a1a1a1a1a
1a1a1a1a1a1a1a1a
1a1a1a181a1a1a1a
1a181a1a1a1a1a1a
1a1a181a1a1a1818
1a1a1a1a1a1a181a
1a1a1a1a1a1a1a1a
1a1a1a1a1a1a1a1a
1a1a1a181a1a181a
1a181a1a1a1a1a1a
1a1a1a1a1a1a1a18
181a1a1a1a1a1a1a
1a1a1a181a1a1a1a
1a1a1a1a1a1a181a
1a1a1a1a1a1a1a1a
1a1a1a1a1a1a1a1a
1a1a1a1a1a1a1a1a
1a181a1a1a1a1a1a
1a1a1a1a1a1a1a1a
1a1a18181a1a1818
1a1a1a181a1a1a1a
1a1a181a18181a1a
1a1a1a1a1a1a181a
1a1a1a1a1a1a1a18
181a1a1a1a1a1a1a
1a1a1a181a1a1a1a
1a1a1a1a1a1a1a1a
1a1a1a1a1a1a1a18
1a1a1a1a1a1a1a1a
1a1a1a181a1a1a1a
1a1a1a1a1a181a18
1a1a1a1a181a1a1a
1a1a1a1a1a1a1a1a
0000000010181a1a
00000000101a1a1a
00000000101a1a1a
00000000101a1a1a
00000000101a1a1a
0000000010181a1a
00000000101a1a1a
00000000101a1a1a
1a1a1818181a1a1a
1a1a1a1a1a1a1a18
1a1a1a1a1a1a1a1a
1a1a1a1a1a1a1a1a
1a1a1a1a1a1a1a1a
1a1a1a1a1a1a1a1a
1a1a1a1a1a1a1a1a
1a181a1a1a1a1a1a
00000000101a1818
00000000101a1a1a
00000000101a1a1a
0000000010181a1a
00000000101a1a1a
00000000101a181a
00000000101a181a
00000000101a1a1a
1a1a1a1a181a1a18
1a1a1a1a1a1a181a
1a1a181a1a1a1a1a
1a1a181a1a181a1a
1a1a1a181a1a1a1a
1a1a1a1a1a1a1a1a
1a1a1a181a1a1a1a
1a1a181a1a181a1a
1a181a1a1a1a1a1a
1a1a1a1a1a1a1a1a
1a1a1a1a1a1a1a1a
1a1a1a1a1a1a1a1a
1a1a1a1a1a1a1a18
181a1a1a1a1a1a1a
1a1a181a1a1a1a1a
1a1a1a1a181a1a1a
1a1a1a181a1a1a1a
1a1a1a1a1a1a181a
1a1a1a1a1a1a1a1a
1a1a1a1a1a1a181a
1a1a1a1a1a1a1a1a
1a1a1a1a1a1a1a1a
1a1a1a1a1a1a1a18
1a1a181a1a1a181a
1a1a1a1a181a1a1a
1a1a1a1a181a1818
1a1a1a181a1a1a18
1a1a181a1a1a1a1a
1a1a181a1a1a1a1a
1a1a1a1a1a1a1a1a
1a1a1a1a1a1a1a1a
1a1a181a181a1818
1a1a1a1a1a1a1a1a
1a1a1a1a1a1a1a1a
1a1a1a181a1a1a18
1a1a1a1a1a1a1a1a
1a1a1a1a1a1a1a1a
1a1a1a1a1a1a1a1a
1a1a1a181a1a1a1a
1a18181a1a1a1a1a
181a1a181a1a1a1a
1a1a1a181a1a1a1a
1a1a1a181a181a1a
1a1a1a1a1a1a1a18
1a1a1a181a1a1a1a
1a1a1a1a181a1a1a
1a1a181a1a1a1a1a
1a1a181a1a1a1a18
1a1a1a1a1a1a181a
1a1a1a1a1a1a1a1a
1a1a1a1a1a1a1a1a
1a18181a1a18181a
1a1a1a1a1a1a1a1a
181a181a1a1a1a1a
1a1a1a1a181a1a1a
1a181a1a1a1a1a1a
1a1a1a181a1a181a
1a18181a1a1a1a1a
1a181a1a1a1a1a1a
1a1a18181a1a181a
1a1a1a1a181a1a1a
1a1a1a1a1a1a1a1a
1a1a1a1a1a1a181a
1a1a1a1a1a1a1a1a
1a1a1a1a1a1a1a1a
1a1a1a1a1a1a1a1a
1a18181a1a1a1a18
1a1a1a181a1a1a1a
1a1a1a1a1a1a181a
1a1a1a1a1a1a181a
1a1a1a1a1a1a1a18
1a1a1a1a1a1a1a1a
1a181a1a1a1a181a
1a1a1a1a1a1a1a1a
1a1a181a1a1a1a1a
1a1a1a1a181a1a1a
1a1a1a1a1a1a1a1a
1a1a1a1a1a1a1a1a
1a1a1a1a1a1a181a
1a1a1a1a181a181a
1a181a1a1a1a1a1a
1a1a1a1a1a1a1a1a
181a1a1a1a1a1a1a
1a1a1a1a181a1a1a
1a1a1a1a1a1a1a1a
1a1a1a1a1a181a1a
1a1a181a1a1a1a1a
1a181a1a1a1a1a1a
1a1a1a1a1a1a1a1a
1a1a1a1a1a1a1a1a
1a1a1a1a1a1a1a1a
1a1a1a181a1a1a1a
181a1a1a1a1a1a1a
1a1a1a1a1a181a1a
1a1a1a181a1a1a1a
1a1a1a1a1a1a1a1a
1a1a1a1a181a1a1a
1a1a1a1a1a1a1a1a
1a1a181a1a1a1a1a
1a1a1a181a1a1a1a
1a1a1a1a1a1a1a1a
181a1a1a181a1a18
1a1a1a1a1a181a1a
1a1a1a1a1a1a1a1a
0000000010181a1a
00000000101a1a1a
00000000101a1818
0000000010181a1a
00000000101a1a1a
00000000101a1a18
00000000101a181a
00000000101a1a1a
1a1a181a1a1a1a1a
1a1a1a1a181a1a1a
1a1a1a1a1a1a1a1a
1a1a1a1a181a1a1a
181a1a1a181a181a
1a1a1a181a1a1a1a
1a1a181a1a1a1a18
1a1a1a1a1a1a1a1a
00000000101a1a1a
00000000101a1a1a
00000000101a1a1a
000000001018181a
00000000101a1a18
0000000010181a1a
0000000010181a18
00000000101a1a1a
1a1a1a1a1a1a181a
1a1a1a1a1a1a1a1a
1a1a1a1a1a181a1a
1a1a1a1a1a1a181a
1a181a1a1a1a1a1a
1a1a181a1a1a1a1a
1a1a1a1a1a1a181a
1a1a1a1a1a1a181a
1a1a1a1a1a1a1a1a
1a18181a1a1a1a1a
1a1a1a1a1a1a1a18
1a1a1a1a1a1a1a1a
1a1a1a1a1a1a1a1a
1a1a1a1a1a1a1a1a
1a1a1a1a1a1a1a1a
1a1a1a1a1a1a181a
1a1a1a1a1a1a1a18
1a1a1a1a1a1a1a1a
1a1a181a1a1a1a1a
1a1a181a1a1a1a1a
1a1a1a1a1a1a1818
1a1a1a1a1a1a1a18
1a1a1a1a1a1a1a1a
1a1a1a1a1a1a1a1a
1a1a181a1a181a18
1a1a1a181a1a1a18
1a1a1a1a181a1a1a
181a1a1a1a181a1a
1a1a1a1a1a1a1a1a
1a181a1a1a1a1a1a
1a1a18181a1a1a1a
1a1a1a1a1a1a1a1a
181a1a1a1a1a1a1a
1a1a1a1a1a1a1a1a
1a1a181a1a1a1a1a
1a181818181a1a1a
1a181a1a181a1a1a
1a1a1a181a1a1a1a
1a1a1a1a18181a1a
1a181a1a1a1a1818
1a1a1a1a1a1a1a1a
1a1a1a1a1a1a1a1a
1a1a1a1a1a1a1a1a
1a1a1a1a1a1a1a1a
1a1a181a1a18181a
1a1a1a1a1a1a1a1a
1a1a1a1a1a1a1a18
1a181a1a1a1a1a1a
1a1a18181a1a1a1a
1a1a1a181a1a1a1a
1a1a1a1a1a1a181a
1a1a181a1a1a1a1a
1a1a1a1a181a1a18
1a181a1a1a1a1a1a
1a1a1a1a1a1a1a1a
181a1a1a1a181a18
1a1a181a1a1a1a1a
1a1a1a1a1a1a1a1a
1a1a181a1a1a1a1a
1a1a1a1a1a181a1a
1a1a1a181a1a1a1a
1a1a1a1a1a1a1a1a
1a1a1a1a1a18181a
1a1a1a1a1a1a1a1a
1a1a1a1a1a1a1a1a
1a1a1a1a1a1a1a1a
1a181a1a1a1a181a
1a1a1a1a1a1a181a
1a181a1a1a1a1a1a
1a1a1a181a181a1a
1a181a181a1a1a1a
1a1a1a1a1a1a1a1a
1a1a1a1a1a1a181a
1a1a1a1a1a1a1a1a
1a1a1a1a1a1a181a
1a1a1a1a181a1a1a
1a1a1a1a1a181a1a
1a1a1a1a1a1a1a1a
1a1a181a1a1a1a1a
181a1a1a1a1a1a1a
18181a1a181a1a1a
1a1a1a1a18181a1a
181a1a1a181a1a1a
1a1a1a1a1a1a1a1a
181a1a1a1a1a1a1a
1a1a1a1a1a1a1a1a
1a18181a1a1a1a1a
1a181a1a1a1a1a1a
1a1a1a1a1a1a1a1a
1a1a1a1a1a1a1a1a
1a1a1a181a1a1a1a
1a1a1a1a1a1a1a1a
1a1a1a1a1a1a1a1a
1a1a1a1a1a1a1a1a
1a1a1a1a1a1a1a1a
1a181a1a1a181a1a
1a181a1a1a1a1a1a
1a1a1a1a1a1a1a1a
1a1a1a1a1a1a1a18
1a1a1a181a1a1a1a
1a1a1a1a1a1a1a1a
1a1a1a1a1a1a1a1a
1a1a1a1a1a1a1a1a
1a1a1a1a1a181a1a
00000000101a1a1a
00000000101a1a1a
00000000101a1a1a
00000000101a1a1a
00000000101a1a1a
00000000101a1a1a
00000000101a181a
00000000101a1a1a
1a1a1a1a181a1a1a
181a1a181a1a1a1a
1a1a1a1a181a1a1a
1a1a1a1a1a1a1a1a
1a1a1a1a1a1a1a1a
1a1a1a1a1a1a1a1a
181a1a1a1a1a1a18
1a1a181a181a1a1a
00000000101a1a1a
00000000101a1a1a
0000000010181a1a
0000000010181a1a
00000000101a1a1a
00000000101a1a18
00000000101a1a1a
0000000010181a1a
1a1a181a1a1a181a
1a1a1a181a181a1a
18181a1a1a1a1a1a
1010101010101010
1010101010101010
1010101010101010
1010101010101010
1010101010101010
1a1a1a1a1a1a1a1a
1a1a181a181a1a1a
18181a18181a181a
1010101010101010
1010101010101010
1010101010101010
1010101010101010
1010101010101010
1010101010101010
1010101010101010
1010101010101010
1010101010101010
1010101010101010
1010101010101010
1010101010101010
1010101010101010
1010101010101010
1010101010101010
1010101010101010
1010101010101010
1010101010101010
1010101010101010
1010101010101010
1010101010101010
1a181a1a181a1a1a
1a18181a1a181a1a
1a1a1a1a1a1a1818
1010101010101010
1010101010101010
1010101010101010
1010101010101010
1010101010101010
1a1a1a181a1a1a1a
1a1a1a1a181a1a1a
1a181a1a1a181a18
1010101010101010
1010101010101010
1010101010101010
1010101010101010
1010101010101010
1010101010101010
1010101010101010
1010101010101010
1010101010101010
1010101010101010
1010101010101010
1010101010101010
1010101010101010
1010101010101010
1010101010101010
1010101010101010
1010101010101010
1010101010101010
1010101010101010
1010101010101010
1010101010101010
1a1a1a1a1a1a1a1a
1a1a1a1a1a1a1a1a
1a1a1a1a1a1a181a
1010101010101010
1010101010101010
1010101010101010
1010101010101010
1010101010101010
181a1a181a1a181a
1a181a181a1a181a
1a1a1a1a18181818
1010101010101010
1010101010101010
1010101010101010
1010101010101010
1010101010101010
1010101010101010
1010101010101010
1010101010101010
1010101010101010
1010101010101010
1010101010101010
1010101010101010
1010101010101010
1010101010101010
1010101010101010
1010101010101010
1010101010101010
1010101010101010
1010101010101010
1010101010101010
1010101010101010
1a1a1a1a1a1a1a18
181a1a1a1a1a1a1a
1a1a1a1a1a1a1a18
1010101010101010
1010101010101010
1010101010101010
1010101010101010
1010101010101010
00000000101a1a1a
00000000101a1a1a
00000000101a181a
0000000010101010
0000000010101010
0000000010101010
0000000010101010
0000000010101010
1010101010101010
1010101010101010
1010101010101010
1010101010101010
1010101010101010
1010101010101010
1010101010101010
1010101010101010
0000000010101010
0000000010101010
0000000010101010
0000000010101010
0000000010101010
0000000010101010
0000000010101010
0000000010101010
1010101010101010
1010101010101010
1010101010101010
1010101010101010
1010101010101010
1010101010101010
1010101010101010
1010101010101010
1010101010101010
1010101010101010
1010101010101010
1010101010101010
1010101010101010
1010101010101010
1010101010101010
1010101010101010
1010101010101010
1010101010101010
1010101010101010
1010101010101010
1010101010101010
1010101010101010
1010101010101010
1010101010101010
1010101010101010
1010101010101010
1010101010101010
1010101010101010
1010101010101010
1010101010101010
1010101010101010
1010101010101010
1010101010101010
1010101010101010
1010101010101010
1010101010101010
1010101010101010
1010101010101010
1010101010101010
1010101010101010
1010101010101010
1010101010101010
1010101010101010
1010101010101010
1010101010101010
1010101010101010
1010101010101010
1010101010101010
1010101010101010
1010101010101010
1010101010101010
1010101010101010
1010101010101010
1010101010101010
1010101010101010
1010101010101010
1010101010101010
1010101010101010
1010101010101010
1010101010101010
1010101010101010
1010101010101010
1010101010101010
1010101010101010
1010101010101010
1010101010101010
1010101010101010
1010101010101010
1010101010101010
1010101010101010
1010101010101010
1010101010101010
1010101010101010
1010101010101010
1010101010101010
1010101010101010
1010101010101010
1010101010101010
1010101010101010
1010101010101010
1010101010101010
1010101010101010
1010101010101010
1010101010101010
1010101010101010
1010101010101010
1010101010101010
1010101010101010
1010101010101010
1010101010101010
1010101010101010
1010101010101010
1010101010101010
1010101010101010
1010101010101010
1010101010101010
1010101010101010
1010101010101010
1010101010101010
1010101010101010
1010101010101010
1010101010101010
1010101010101010
1010101010101010
0000000010101010
0000000010101010
0000000010101010
0000000010101010
0000000010101010
0000000010101010
0000000010101010
0000000010101010
1010101010101010
1010101010101010
1010101010101010
1010101010101010
1010101010101010
1010101010101010
1010101010101010
1010101010101010
0000000010101010
0000000010101010
0000000010101010
0000000010101010
0000000010101010
0000000010101010
0000000010101010
0000000010101010
1010101010101010
1010101010101010
1010101010101010
1010101010101010
1010101010101010
1010101010101010
1010101010101010
1010101010101010
1010101010101010
1010101010101010
1010101010101010
1010101010101010
1010101010101010
1010101010101010
1010101010101010
1010101010101010
1010101010101010
1010101010101010
1010101010101010
1010101010101010
1010101010101010
1010101010101010
1010101010101010
1010101010101010
1010101010101010
1010101010101010
1010101010101010
1010101010101010
1010101010101010
1010101010101010
1010101010101010
1010101010101010
1010101010101010
1010101010101010
1010101010101010
1010101010101010
1010101010101010
1010101010101010
1010101010101010
1010101010101010
1010101010101010
1010101010101010
1010101010101010
1010101010101010
1010101010101010
1010101010101010
1010101010101010
1010101010101010
1010101010101010
1010101010101010
1010101010101010
1010101010101010
1010101010101010
1010101010101010
1010101010101010
1010101010101010
1010101010101010
1010101010101010
1010101010101010
1010101010101010
1010101010101010
1010101010101010
1010101010101010
1010101010101010
1010101010101010
1010101010101010
1010101010101010
1010101010101010
1010101010101010
1010101010101010
1010101010101010
1010101010101010
1010101010101010
1010101010101010
1010101010101010
1010101010101010
1010101010101010
1010101010101010
1010101010101010
1010101010101010
1010101010101010
1010101010101010
1010101010101010
1010101010101010
1010101010101010
1010101010101010
1010101010101010
1010101010101010
1010101010101010
1010101010101010
1010101010101010
1010101010101010
1010101010101010
1010101010101010
1010101010101010
1010101010101010
1010101010101010
1010101010101010
1010101010101010
1010101010101010
1010101010101010
1010101010101010
1010101010101010
1010101010101010
0000000010101010
0000000010101010
0000000010101010
0000000010101010
0000000010101010
0000000010101010
0000000010101010
0000000010101010
1010101010101010
1010101010101010
1010101010101010
1010101010101010
1010101010101010
1010101010101010
1010101010101010
1010101010101010
0000000010101010
0000000010101010
0000000010101010
0000000010101010
0000000010101010
0000000010101010
0000000010101010
0000000010101010
1010101010101010
1010101010101010
1010101010101010
1010101010101010
1010101010101010
1212121212121212
1010101010101010
1010101010101010
1010101010101010
1010101010101010
1010101010101010
1010101010101010
1010101010101010
1212121212121212
1010101010101010
1010101010101010
1010101010101010
1010101010101010
1010101010101010
1010101010101010
1010101010101010
1010101010101010
1010101010101010
1010101010101010
1010101010101010
1010101010101010
1010101010101010
1010101010101010
1010101010101010
1010101010101010
1010101010101010
1010101010101010
1010101010101010
1010101010101010
1010101010101010
1010101010101010
1010101010101010
1212121212121212
1010101010101010
1010101010101010
1010101010101010
1010101010101010
1010101010101010
1010101010101010
1010101010101010
1212121212121212
1010101010101010
1010101010101010
1010101010101010
1010101010101010
1010101010101010
1010101010101010
1010101010101010
1010101010101010
1010101010101010
1010101010101010
1010101010101010
1010101010101010
1010101010101010
1010101010101010
1010101010101010
1010101010101010
1010101010101010
1010101010101010
1010101010101010
1010101010101010
1010101010101010
1010101010101010
1010101010101010
1212121212121212
1010101010101010
1010101010101010
1010101010101010
1010101010101010
1010101010101010
1010101010101010
1010101010101010
1212121212121212
1010101010101010
1010101010101010
1010101010101010
1010101010101010
1010101010101010
1010101010101010
1010101010101010
1010101010101010
1010101010101010
1010101010101010
1010101010101010
1010101010101010
1010101010101010
1010101010101010
1010101010101010
1010101010101010
1010101010101010
1010101010101010
1010101010101010
1010101010101010
1010101010101010
1010101010101010
1010101010101010
1212121212121212
1010101010101010
1010101010101010
0000000010101010
0000000010101010
0000000010101010
0000000010101010
0000000010101010
0000000010121212
0000000010101010
0000000010101010
1010101010101010
1010101010101010
1010101010101010
1010101010101010
1010101010101010
1010101010101010
1010101010101010
1010101010101010
0000000010101010
0000000010101010
0000000010101010
0000000010101010
0000000010101010
0000000010101010
0000000010101010
0000000010101010
1010101010101010
1010101010101010
1010101010101010
1010101010101010
1010101010101010
1010101010101010
1010101010101010
1010101010101010
1010101010101010
1010101010101010
1010101010101010
1010101010101010
1010101010101010
1010101010101010
1010101010101010
1010101010101010
1010101010101010
1010101010101010
1010101010101010
1010101010101010
1010101010101010
1010101010101010
1010101010101010
1010101010101010
1010101010101010
1010101010101010
1010101010101010
1010101010101010
1010101010101010
1010101010101010
1010101010101010
1010101010101010
1010101010101010
1010101010101010
1010101010101010
1010101010101010
1010101010101010
1010101010101010
1010101010101010
1010101010101010
1010101010101010
1010101010101010
1010101010101010
1010101010101010
1010101010101010
1010101010101010
1010101010101010
1010101010101010
1010101010101010
1010101010101010
1010101010101010
1010101010101010
1010101010101010
1010101010101010
1010101010101010
1010101010101010
1010101010101010
1010101010101010
1010101010101010
1010101010101010
1010101010101010
1010101010101010
1010101010101010
1010101010101010
1010101010101010
1010101010101010
1010101010101010
1010101010101010
1010101010101010
1010101010101010
1010101010101010
1010101010101010
1010101010101010
1010101010101010
1010101010101010
1010101010101010
1010101010101010
1010101010101010
1010101010101010
1010101010101010
1010101010101010
1010101010101010
1010101010101010
1010101010101010
1010101010101010
1010101010101010
1010101010101010
1010101010101010
1010101010101010
1010101010101010
1010101010101010
1010101010101010
1010101010101010
1010101010101010
1010101010101010
1010101010101010
1010101010101010
1010101010101010
1010101010101010
1010101010101010
1010101010101010
1010101010101010
1010101010101010
1010101010101010
0000000010101010
0000000010101010
0000000010101010
0000000010101010
0000000010101010
0000000010101010
0000000010101010
0000000010101010
1010101010101010
1010101010101010
1010101010101010
1010101010101010
1010101010101010
1010101010101010
1010101010101010
1010101010101010
0000000010101010
0000000010101010
0000000010101010
0000000010101010
0000000010101010
0000000010101010
0000000010101010
0000000010101010
1010101010101010
1010101010101010
1010101010101010
1010101010101010
1010101010101010
1010101010101010
1010101010101010
1010101010101010
1010101010101010
1010101010101010
1010101010101010
1010101010101010
1010101010101010
1010101010101010
1010101010101010
1010101010101010
1010101010101010
1010101010101010
1010101010101010
1010101010101010
1010101010101010
1010101010101010
1010101010101010
1010101010101010
1010101010101010
1010101010101010
1010101010101010
1010101010101010
1010101010101010
1010101010101010
1010101010101010
1010101010101010
1010101010101010
1010101010101010
1010101010101010
1010101010101010
1010101010101010
1010101010101010
1010101010101010
1010101010101010
1010101010101010
1010101010101010
1010101010101010
1010101010101010
1010101010101010
1010101010101010
1010101010101010
1010101010101010
1010101010101010
1010101010101010
1010101010101010
1010101010101010
1010101010101010
1010101010101010
1010101010101010
1010101010101010
1010101010101010
1010101010101010
1010101010101010
1010101010101010
1010101010101010
1010101010101010
1010101010101010
1010101010101010
1010101010101010
1010101010101010
1010101010101010
1010101010101010
1010101010101010
1010101010101010
1010101010101010
1010101010101010
1010101010101010
1010101010101010
1010101010101010
1010101010101010
1010101010101010
1010101010101010
1010101010101010
1010101010101010
1010101010101010
1010101010101010
1010101010101010
1010101010101010
1010101010101010
1010101010101010
1010101010101010
1010101010101010
1010101010101010
1010101010101010
1010101010101010
1010101010101010
1010101010101010
1010101010101010
1010101010101010
1010101010101010
1010101010101010
1010101010101010
1010101010101010
1010101010101010
1010101010101010
1010101010101010
1010101010101010
1010101010101010
0000000010101010
0000000010101010
0000000010101010
0000000010101010
0000000010101010
0000000010101010
0000000010101010
0000000010101010
1010101010101010
1010101010101010
1010101010101010
1010101010101010
1010101010101010
1010101010101010
1010101010101010
1010101010101010
0000000010101010
0000000010101010
0000000010101010
0000000010101010
0000000010101010
0000000010101010
0000000010101010
0000000010101010
1010101010101010
1010101010101010
1010101010101010
1010101010101010
1010101010101010
1010101010101010
1010101010101010
1010101010101010
1010101010101010
1010101010101010
1010101010101010
1010101010101010
1010101010101010
1010101010101010
1010101010101010
1010101010101010
1212121212121212
1010101010101212
1010101010101212
1010101010101212
1010101010101212
1010101010101212
1010101010101212
1010101010101212
1212121212121212
1012101010101010
1012101010101010
1012101010101010
1012101010101010
1012101010101010
1012101010101010
1012101010101010
1010101010101010
1010101010101010
1010101010101010
1010101010101010
1010101010101010
1010101010101010
1010101010101010
1010101010101010
1010101010101010
1010101010101010
1010101010101010
1010101010101010
1010101010101010
1010101010101010
1010101010101010
1010101010101010
1212121212121212
1010101010101010
1010101010101010
1010101010101010
1010101010101010
1010101010101010
1010101010101010
1010101010101010
1212121212121212
1012121010121010
1012121010121010
1012121010121010
1012121010121010
1012121010121010
1012121010121010
1012121010121010
1010101010101010
1010101010101010
1010101010101010
1010101010101010
1010101010101010
1010101010101010
1010101010101010
1010101010101010
1010101010101010
1010101010101010
1010101010101010
1010101010101010
1010101010101010
1010101010101010
1010101010101010
1010101010101010
1212121212121212
1010101010101012
1010101010101012
1010101010101012
1010101010101012
1010101010101012
1010101010101012
1010101010101012
1212121212121212
1010101210101010
1010101210101010
1010101210101010
1010101210101010
1010101210101010
1010101210101010
1010101210101010
1010101010101010
1010101010101010
1010101010101010
1010101010101010
1010101010101010
1010101010101010
1010101010101010
1010101010101010
0000000010101010
0000000010101010
0000000010101010
0000000010101010
0000000010101010
0000000010101010
0000000010101010
0000000010101010
1212121212121212
1010101010101010
1010101010101010
1010101010101010
1010101010101010
1010101010101010
1010101010101010
1010101010101010
0000000010121212
0000000010121010
0000000010121010
0000000010121010
0000000010121010
0000000010121010
0000000010121010
0000000010121010
1010101010101212
1010101010101212
1010101010101212
1010101010101212
1010101010101212
1010101010101212
1010101010101212
1010101010101212
1012101010101010
1012101010101010
1012101010101010
1012101010101010
1012101010101010
1012101010101010
1012101010101010
1012101010101010
1010101010101212
1010101010101212
1010101010101212
1010101010101212
1010101010101212
1010101010101212
1010101010101212
1010101010101212
1012101010101010
1012101010101010
1012101010101010
1012101010101010
1012101010101010
1012101010101010
1012101010101010
1012101010101010
1010101010101010
1010101010101010
1010101010101010
1010101010101010
1010101010101010
1010101010101010
1010101010101010
1010101010101010
1012121010121010
1012121010121010
1012121010121010
1012121010121010
1012121010121010
1012121010121010
1012121010121010
1012121010121010
1010101010101010
1010101010101010
1010101010101010
1010101010101010
1010101010101010
1010101010101010
1010101010101010
1010101010101010
1012121010121010
1012121010121010
1012121010121010
1012121010121010
1012121010121010
1012121010121010
1012121010121010
1012121010121010
1010101010101012
1010101010101012
1010101010101012
1010101010101012
1010101010101012
1010101010101012
1010101010101012
1010101010101012
1010101210101010
1010101210101010
1010101210101010
1010101210101010
1010101210101010
1010101210101010
1010101210101010
1010101210101010
1010101010101012
1010101010101012
1010101010101012
1010101010101012
1010101010101012
1010101010101012
1010101010101012
1010101010101012
1010101210101010
1010101210101010
1010101210101010
1010101210101010
1010101210101010
1010101210101010
1010101210101010
1010101210101010
1010101010101010
1010101010101010
1010101010101010
1010101010101010
1010101010101010
1010101010101010
1010101010101010
1010101010101010
0000000010121010
0000000010121010
0000000010121010
0000000010121010
0000000010121010
0000000010121010
0000000010121010
0000000010121010
1010101010101010
1010101010101010
1010101010101010
1010101010101010
1010101010101010
1010101010101010
1010101010101010
1010101010101010
0000000010121010
0000000010121010
0000000010121010
0000000010121010
0000000010121010
0000000010121010
0000000010121010
0000000010121010
1010101010101212
1010101010101212
1010101010101212
1010101010101212
1010101010101212
1010101010101212
1010101010101212
1010101010101212
1012101010101010
1012101010101010
1012101010101010
1012101010101010
1012101010101010
1012101010101010
1012101010101010
1012101010101010
1010101010101212
1010101010101212
1010101010101212
1010101010101212
1010101010101212
1010101010101212
1010101010101212
1010101010101212
1012101010101010
1012101010101010
1012101010101010
1012101010101010
1012101010101010
1012101010101010
1012101010101010
1012101010101010
1010101010101010
1010101010101010
1010101010101010
1010101010101010
1010101010101010
1010101010101010
1010101010101010
1010101010101010
1012121010121010
1012121010121010
1012121010121010
1012121010121010
1012121010121010
1012121010121010
1012121010121010
1012121010121010
1010101010101010
1010101010101010
1010101010101010
1010101010101010
1010101010101010
1010101010101010
1010101010101010
1010101010101010
1012121010121010
1012121010121010
1012121010121010
1012121010121010
1012121010121010
1012121010121010
1012121010121010
1012121010121010
1010101010101012
1010101010101012
1010101010101012
1010101010101012
1010101010101012
1010101010101012
1010101010101012
1010101010101012
1010101210101010
1010101210101010
1010101210101010
1010101210101010
1010101210101010
1010101210101010
1010101210101010
1010101210101010
1010101010101012
1010101010101012
1010101010101012
1010101010101012
1010101010101012
1010101010101012
1010101010101012
1010101010101012
1010101210101010
1010101210101010
1010101210101010
1010101210101010
1010101210101010
1010101210101010
1010101210101010
1010101210101010
1010101010101010
1010101010101010
1010101010101010
1010101010101010
1010101010101010
1010101010101010
1010101010101010
1010101010101010
0000000010121010
0000000010121010
0000000010121010
0000000010121010
0000000010121010
0000000010121010
0000000010121010
0000000010121010
1010101010101010
1010101010101010
1010101010101010
1010101010101010
1010101010101010
1010101010101010
1010101010101010
1010101010101010
0000000010121010
0000000010121010
0000000010121010
0000000010121010
0000000010121010
0000000010121010
0000000010121010
0000000010121010
1010101010101212
1010101010101212
1010101010101212
1010101010101212
1010101010101212
1010101010101212
1010101010101212
1010101010101212
1012101010101010
1012101010101010
1012101010101010
1012101010101010
1012101010101010
1012101010101010
1012101010101010
1012101010101010
1010101010101212
1010101010101212
1010101010101212
0000000000000000
0000000000000000
0000000000000000
0000000000000000
0000000000000000
1012101010101010
1012101010101010
1012101010101010
0000000000000000
0000000000000000
0000000000000000
0000000000000000
0000000000000000
1010101010101010
1010101010101010
1010101010101010
1010101010101010
1010101010101010
1010101010101010
1010101010101010
1010101010101010
1012121010121010
1012121010121010
1012121010121010
1012121010121010
1012121010121010
1012121010121010
1012121010121010
1012121010121010
1010101010101010
1010101010101010
1010101010101010
0000000000000000
0000000000000000
0000000000000000
0000000000000000
0000000000000000
1012121010121010
1012121010121010
1012121010121010
0000000000000000
0000000000000000
0000000000000000
0000000000000000
0000000000000000
1010101010101012
1010101010101012
1010101010101012
1010101010101012
1010101010101012
1010101010101012
1010101010101012
1010101010101012
1010101210101010
1010101210101010
1010101210101010
1010101210101010
1010101210101010
1010101210101010
1010101210101010
1010101210101010
1010101010101012
1010101010101012
1010101010101012
0000000000000000
0000000000000000
0000000000000000
0000000000000000
0000000000000000
1010101210101010
1010101210101010
1010101210101010
0000000000000000
0000000000000000
0000000000000000
0000000000000000
0000000000000000
1010101010101010
1010101010101010
1010101010101010
1010101010101010
1010101010101010
1010101010101010
1010101010101010
1010101010101010
0000000010121010
0000000010121010
0000000010121010
0000000010121010
0000000010121010
0000000010121010
0000000010121010
0000000010121010
1010101010101010
1010101010101010
1010101010101010
0000000000000000
0000000000000000
0000000000000000
0000000000000000
0000000000000000
0000000010121010
0000000010121010
0000000010121010
0000000000000000
0000000000000000
0000000000000000
0000000000000000
0000000000000000
0000000000000000
0000000000000000
0000000000000000
0000000000000000
0000000000000000
0000000000000000
0000000000000000
0000000000000000
0000000000000000
0000000000000000
0000000000000000
0000000000000000
0000000000000000
0000000000000000
0000000000000000
0000000000000000
0000000000000000
0000000000000000
0000000000000000
0000000000000000
0000000000000000
0000000000000000
0000000000000000
0000000000000000
0000000000000000
0000000000000000
0000000000000000
0000000000000000
0000000000000000
0000000000000000
0000000000000000
0000000000000000
0000000000000000
0000000000000000
0000000000000000
0000000000000000
0000000000000000
0000000000000000
0000000000000000
0000000000000000
0000000000000000
0000000000000000
0000000000000000
0000000000000000
0000000000000000
0000000000000000
0000000000000000
0000000000000000
0000000000000000
0000000000000000
0000000000000000
0000000000000000
0000000000000000
0000000000000000
0000000000000000
0000000000000000
0000000000000000
0000000000000000
0000000000000000
0000000000000000
0000000000000000
0000000000000000
0000000000000000
0000000000000000
0000000000000000
0000000000000000
0000000000000000
0000000000000000
0000000000000000
0000000000000000
0000000000000000
0000000000000000
0000000000000000
0000000000000000
0000000000000000
0000000000000000
0000000000000000
0000000000000000
0000000000000000
0000000000000000
0000000000000000
0000000000000000
0000000000000000
0000000000000000
0000000000000000
0000000000000000
0000000000000000
0000000000000000
0000000000000000
0000000000000000
0000000000000000
0000000000000000
0000000000000000
0000000000000000
0000000000000000
0000000000000000
0000000000000000
0000000000000000
0000000000000000
0000000000000000
0000000000000000
0000000000000000
0000000000000000
0000000000000000
0000000000000000
0000000000000000
0000000000000000
0000000000000000
0000000000000000
0000000000000000
0000000000000000
0000000000000000
0000000000000000
0000000000000000
0000000000000000
0000000000000000
0000000000000000
0000000000000000
0000000000000000
0000000000000000
0000000000000000
0000000000000000
0000000000000000
0000000000000000
0000000000000000
0000000000000000
0000000000000000
0000000000000000
0000000000000000
0000000000000000
0000000000000000
0000000000000000
0000000000000000
0000000000000000
0000000000000000
0000000000000000
0000000000000000
0000000000000000
0000000000000000
0000000000000000
0000000000000000
0000000000000000
0000000000000000
0000000000000000
0000000000000000
0000000000000000
0000000000000000
0000000000000000
0000000000000000
0000000000000000
0000000000000000
0000000000000000
0000000000000000
0000000000000000
0000000000000000
0000000000000000
0000000000000000
0000000000000000
0000000000000000
0000000000000000
0000000000000000
0000000000000000
0000000000000000
0000000000000000
0000000000000000
0000000000000000
0000000000000000
0000000000000000
0000000000000000
0000000000000000
0000000000000000
0000000000000000
0000000000000000
0000000000000000
0000000000000000
0000000000000000
0000000000000000
0000000000000000
0000000000000000
0000000000000000
0000000000000000
0000000000000000
0000000000000000
0000000000000000
0000000000000000
0000000000000000
0000000000000000
0000000000000000
0000000000000000
0000000000000000
0000000000000000
0000000000000000
0000000000000000
0000000000000000
0000000000000000
0000000000000000
0000000000000000
0000000000000000
0000000000000000
0000000000000000
0000000000000000
0000000000000000
0000000000000000
0000000000000000
0000000000000000
0000000000000000
0000000000000000
0000000000000000
0000000000000000
0000000000000000
0000000000000000
0000000000000000
0000000000000000
0000000000000000
0000000000000000
0000000000000000
0000000000000000
0000000000000000
0000000000000000
0000000000000000
0000000000000000
0000000000000000
0000000000000000
0000000000000000
0000000000000000
0000000000000000
0000000000000000
0000000000000000
0000000000000000
0000000000000000
0000000000000000
0000000000000000
0000000000000000
0000000000000000
0000000000000000
0000000000000000
0000000000000000
0000000000000000
0000000000000000
0000000000000000
0000000000000000
0000000000000000
0000000000000000
0000000000000000
0000000000000000
0000000000000000
0000000000000000
0000000000000000
0000000000000000
0000000000000000
0000000000000000
0000000000000000
0000000000000000
0000000000000000
0000000000000000
0000000000000000
0000000000000000
0000000000000000
0000000000000000
0000000000000000
0000000000000000
0000000000000000
0000000000000000
0000000000000000
0000000000000000
0000000000000000
0000000000000000
0000000000000000
0000000000000000
0000000000000000
0000000000000000
0000000000000000
0000000000000000
0000000000000000
0000000000000000
0000000000000000
0000000000000000
0000000000000000
0000000000000000
0000000000000000
0000000000000000
0000000000000000
0000000000000000
0000000000000000
0000000000000000
0000000000000000
0000000000000000
0000000000000000
0000000000000000
0000000000000000
0000000000000000
0000000000000000
0000000000000000
0000000000000000
0000000000000000
0000000000000000
0000000000000000
0000000000000000
0000000000000000
0000000000000000
0000000000000000
0000000000000000
0000000000000000
0000000000000000
0000000000000000
0000000000000000
0000000000000000
0000000000000000
0000000000000000
0000000000000000
0000000000000000
0000000000000000
0000000000000000
0000000000000000
0000000000000000
0000000000000000
0000000000000000
0000000000000000
0000000000000000
0000000000000000
0000000000000000
0000000000000000
0000000000000000
0000000000000000
0000000000000000
0000000000000000
0000000000000000
0000000000000000
0000000000000000
0000000000000000
0000000000000000
0000000000000000
0000000000000000
0000000000000000
0000000000000000
0000000000000000
0000000000000000
0000000000000000
0000000000000000
0000000000000000
0000000000000000
0000000000000000
0000000000000000
0000000000000000
0000000000000000
0000000000000000
0000000000000000
0000000000000000
0000000000000000
0000000000000000
0000000000000000
0000000000000000
0000000000000000
0000000000000000
0000000000000000
0000000000000000
0000000000000000
0000000000000000
0000000000000000
0000000000000000
0000000000000000
0000000000000000
0000000000000000
0000000000000000
0000000000000000
0000000000000000
0000000000000000
0000000000000000
0000000000000000
0000000000000000
0000000000000000
0000000000000000
0000000000000000
0000000000000000
0000000000000000
0000000000000000
0000000000000000
0000000000000000
0000000000000000
0000000000000000
0000000000000000
0000000000000000
0000000000000000
0000000000000000
