@20401000
1010101010101010
1210101010101212
1210101010101214
1210101010101214
1212121212121212
1616181618161618
1618161818161616
1814121618181616
1010101010101010
1212121412121012
1412141412121012
1412121412121212
1212121212121212
1816161616161618
1618161616161618
1618161416161018
1614121618161416
1616141618121016
1616181818141418
1616161616161416
1814121618141216
1616121616121016
1816141616161616
1616161818161616
1616161616161016
1616161616161818
1816161616161616
1616161416161818
1616161818161416
1618181616161016
1616121416181616
1616161618161616
1010101010101010
1212101010101012
1212101010101012
1212101010101012
1212121212121212
1816161816181616
1816181618181616
1818141216181816
1010101010101010
1212121214121210
1214121414121210
1214121214121212
1212121212121212
1618161616161616
1616181616161616
1616181614161610
1616141216181614
1816161416181210
1616161818181414
1816161616161614
1618141216181412
1616161216161210
1618161416161616
1616161618181616
1416161616161610
1016161616161618
1418161616161616
1416161614161618
1216161618181614
1016181816161610
1616161214161816
1616161616181616
1010101010101010
1012121010101010
1012121010101010
1212121010101010
1212121212121212
1618161618161816
1618161816181816
1018181412161818
1010101010101010
1012121212141212
1012141214141212
1012141212141212
1212121212121212
1616181616161616
1616161816161616
1816161816141616
1016161412161816
1818161614161812
1616161618181814
1818161616161616
1416181412161814
1016161612161612
1616181614161616
1616161616181816
1614161616161616
1210161616161616
1414181616161616
1614161616141616
1412161616181816
1210161818161616
1616161612141618
1616161616161816
1010101010101010
1210121210101010
1210121210101010
1212121210101010
1212121212121212
1616181616181618
1616181618161818
1610181814121618
0000000010101010
0000000012121412
0000000012141412
0000000012121412
0000000012121212
0000000016161616
0000000018161616
0000000018161416
1610161614121618
1618181616141618
1616161616181818
1618181616161616
1614161814121618
1610161616121616
1816161816141616
1616161616161818
0000000016161616
0000000016161616
0000000016161616
0000000016161416
0000000016161818
0000000018181616
0000000016121416
0000000016161618
1616161618141418
1616161618161618
1616161818161618
1816161618161616
1616161618161618
1618161816161618
1618161818161618
1618181816161616
1816161618161416
1816161616161616
1816161618161616
1616181618181616
1816161616161616
1816161616161616
1816161616161616
1616161616161616
1618181616161616
1816121616161616
1614121618161418
1614141618161618
1616141616161618
1614141616161616
1614121616161616
1614141616181816
1616161616161618
1616161616161818
1816161616161418
1816161616161618
1816161816181818
1616161816161618
1618161614181818
1616161616161618
1616161616181414
1616161616181616
1616161618181616
1618161616181616
1616161616181616
1616181618161616
1616181618181616
1616181818161616
1418161616181614
1618161616161616
1618161616181616
1616161816181816
1618161616161616
1618161616161616
1618161616161616
1616161616161616
1816181816161616
1818161216161616
1816141216181614
1816141416181616
1816161416161616
1816141416161616
1816141216161616
1816141416161818
1616161616161616
1616161616161618
1418161616161614
1618161616161616
1618161618161818
1616161618161616
1616181616141818
1816161616161616
1416161616161814
1616161616161816
1616161616181816
1616181616161816
1616161616161816
1616161816181616
1616161816181816
1616161818181616
1414181616161816
1616181616161616
1616181616161816
1616161618161818
1616181616161616
1616181616161616
1616181616161616
1616161616161616
1618161818161616
1818181612161616
1418161412161816
1618161414161816
1818161614161616
1618161414161616
1818161412161616
1618161414161618
1616161616161616
1616161616161616
1614181616161616
1616181616161616
1616181616181618
1616161616181616
1616161816161418
1818161616161616
1614161616161618
1616161616161618
1616161616161818
1816161816161618
1616161616161618
1616161618161816
1616161618161818
1616161618181816
0000000016161618
0000000016161616
0000000016161618
0000000016181618
0000000016161616
0000000016161616
0000000016161616
0000000016161616
1616181618181616
1618181816121616
1614181614121618
1616181614141618
1818181616141616
1616181614141616
1818181614121616
1616181614141616
0000000016161616
0000000016161616
0000000016161616
0000000016161616
0000000016161816
0000000016161816
0000000018161614
0000000016161616
1614121616181816
1616121616141416
1816161616161618
1616161616161618
1816161616161618
1816161618161618
1616181616161816
1616161616181816
1616181816181618
1616181616161816
1816161616161618
1816161616161616
1816161616161616
1816161616181618
1616161616181818
1616181618181618
1818161616161818
1818161616181818
1816161616161818
1616161616161616
1616181616161816
1616161416141416
1614121416141618
1616161616121018
1816181818161618
1816181816161616
1818181616161616
1616181616161618
1618181616161618
1618181616161614
1818181616161016
1818181616161816
1816141216161818
1616161216161414
1818161616161616
1616161616161616
1618161616161616
1818161616181616
1816161816161618
1816161616161818
1816161818161816
1416161816161618
1618161616161616
1618161616161616
1618161616161616
1618161616161816
1816161616161818
1816161816181816
1818181616161618
1618181616161818
1618161616161618
1816161616161616
1816161816161618
1416161614161414
1616141214161416
1616161616161210
1818161818181616
1818161818161616
1818181816161616
1616161816161616
1816181816161616
1416181816161616
1618181816161610
1018181816161618
1618161412161618
1816161612161614
1618181616161616
1616161616161616
1616181616161616
1618181616161816
1818161618161616
1618161616161618
1818161618181618
1414161618161616
1616181616161616
1616181616161616
1616181616161616
1616181616161618
1618161616161618
1818161618161818
1618181816161616
1616181816161618
1616181616161616
1618161616161616
1618161618161616
1614161616141614
1016161412141614
1816161616161612
1618181618181816
1818181618181616
1618181818161616
1616161618161616
1618161818161616
1414161818161616
1416181818161616
1210181818161616
1816181614121616
1618161616121616
1616181816161616
1616161616161616
1616161816161616
1816181816161618
1818181616181616
1816181616161616
0000000016181816
0000000016181616
0000000016161616
0000000016161616
0000000016161616
0000000016161616
0000000016161616
0000000016181618
1616181818161616
1616161818161616
1616161816161616
1616181616161616
1616181616181616
1616141616161416
1610161614121416
1618161616161616
0000000016181818
0000000016181816
0000000018181616
0000000016181616
0000000018181616
0000000018181616
0000000018181616
0000000018181616
1618181616121018
1614121416141018
1616121416121018
1614121616121018
1616161618161616
1616141818161618
1616161816161616
1616161818161616
1818161816161618
1816161616161216
1818161816181618
1818181816161416
1618161616161618
1816161616181416
1616161616161618
1616161616161616
1616161818161618
1616181818181818
1618161616161816
1618161616161818
1816161818161618
1818181618181818
1818181818161816
1618161818161618
1816161616181416
1816161818161616
1616161818161416
1816161618161616
1816161816161616
1816161616161616
1616161616161616
1816161616161416
1816181816161210
1616141214161410
1816161214161210
1616141216161210
1816161616181616
1616161418181616
1816161618161616
1616161618181616
1018181618161616
1018161616161612
1018181618161816
1018181818161614
1616181616161616
1618161616161814
1616161616161616
1616161616161616
1616161618181616
1616161818181818
1616181616161618
1616181616161618
1618161618181616
1618181816181818
1618181818181618
1616181618181616
1618161616161814
1818161618181616
1816161618181614
1818161616181616
1618161618161616
1818161616161616
1816161616161616
1618161616161614
1618161818161612
1216161412141614
1618161612141612
1416161412161612
1618161616161816
1416161614181816
1618161616181616
1616161616181816
1210181816181616
1410181616161616
1210181816181618
1210181818181616
1616161816161616
1616181616161618
1616161616161616
1616161616161616
1416161616181816
1616161618181818
1416161816161616
1616161816161616
1616181616181816
1616181818161818
1616181818181816
1416161816181816
1616181616161618
1818181616181816
1618161616181816
1618181616161816
1616181616181616
1818181616161616
1618161616161616
1616181616161616
1616181618181616
1612161614121416
1816181616121416
1614161614121616
1616181616161618
1814161616141818
1616181616161816
1616161616161818
0000000018161816
0000000016161616
0000000018161816
0000000018181816
0000000018161616
0000000016161616
0000000016161616
0000000016161616
1814161616161818
1616161616181818
1614161618161616
1616161618161616
1616161816161818
1616161818181618
1616161818181818
1614161618161818
0000000016161616
0000000016161818
0000000016161818
0000000016161618
0000000016161816
0000000016161616
0000000016161616
0000000016161616
1618181816161618
1616121818161618
1616161818161418
1616161818161618
1816161818161618
1818181818161418
1816181818161416
1818181818181818
1816121416161014
1816121416161214
1816141416161214
1818141416161214
1816121416161218
1816121416161218
1616141618181618
1816181618181618
1816161618161616
1616161618161616
1816161618161616
1618181818161616
1618181816161616
1616181616161616
1618181616161618
1816181614161618
1616161618161616
1616161616161616
1618161618161616
1618181616161616
1618181616161616
1618181818161616
1818161616161616
1818161616161616
1416181818161616
1416161218181616
1416161618181614
1416161618181616
1818161618181616
1818181818181614
1818161818181614
1818181818181818
1618161214161610
1618161214161612
1418161414161612
1618181414161612
1618161214161612
1418161214161612
1416161416181816
1818161816181816
1618161616181616
1616161616181616
1618161616181616
1616181818181616
1616181818161616
1616161816161616
1616181816161616
1618161816141616
1616161616181616
1616161616161616
1616181616181616
1616181816161616
1616181816161616
1616181818181616
1618181616161616
1618181616161616
1014161818181616
1214161612181816
1214161616181816
1214161616181816
1218181616181816
1218181818181816
1618181618181816
1618181818181818
1616181612141616
1616181612141616
1614181614141616
1616181814141616
1616181612141616
1614181612141616
1614161614161818
1818181618161818
1616181616161816
1616161616161816
1616181616161816
1616161818181816
1616161818181616
1616161618161616
1616161818161616
1616181618161416
1616161616161816
1616161616161616
1616161816161816
1616161818161616
1616161818161616
1616161818181816
1616181816161616
1616181816161616
1610141618181816
1612141616121818
1612141616161818
1612141616161818
1612181816161818
1612181818181818
1816181816181818
1816181818181818
0000000016121416
0000000016121416
0000000016141416
0000000018141416
0000000016121416
0000000016121416
0000000016141618
0000000016181618
1616161816161618
1616161616161618
1616161816161618
1616161618181818
1616161618181816
1616161616181616
1616161618181616
1616161816181614
0000000016161618
0000000016161616
0000000018161618
0000000018181616
0000000018181616
0000000018181818
0000000018161616
0000000018161616
1818181616181818
1616181818181616
1816181616181616
1616181616181818
1616181616181818
1818161616181818
1818161618161618
1618121418141618
1818181616161618
1616161616161618
1618161616161816
1816161616161816
1818181618181816
1818161618181816
1816161616181818
1816161618181618
1818161618141418
1616181618141618
1816181618141618
1816181618161616
1614121618161416
1816161616161418
1616161618161818
1616161616181818
1816141618161418
1816161618161416
1818161618161418
1618141618181416
1616161618161416
1818141618161618
1818161816181618
1818161818161816
1818181816161818
1816161818181816
1618161816161816
1616161816161818
1616161816161818
1618181616161818
1818181616181616
1816181214181416
1818181816161616
1616161616161616
1616181616161618
1818161616161618
1818181816181818
1818181616181818
1618161616161818
1618161616181816
1818181616181414
1616161816181416
1818161816181416
1618161816181616
1616141216181614
1818161616161614
1816161616181618
1616161616161818
1418161416181614
1618161616181614
1618181616181614
1616181416181814
1416161616181614
1418181416181616
1818181618161816
1818181618181618
1618181818161618
1618161618181818
1816181618161618
1816161618161618
1816161618161618
1816181816161618
1818181816161816
1618161812141814
1818181818161616
1816161616161616
1816161816161616
1818181616161616
1818181818161818
1818181816161818
1616181616161618
1416181616161818
1418181816161814
1416161618161814
1418181618161814
1416181618161816
1416161412161816
1618181616161616
1618161616161816
1816161616161618
1414181614161816
1416181616161816
1416181816161816
1616161814161818
1614161616161816
1614181814161816
1618181816181618
1818181816181816
1616181818181616
1616181616181818
1618161816181616
1618161616181616
1818161616181616
1818161818161616
1818181818161618
1816181618121418
0000000018181616
0000000016161616
0000000018161616
0000000016161616
0000000018181618
0000000018161618
0000000016161616
0000000016161618
1614181818161618
1614161616181618
1614181816181618
1814161816181618
1614161614121618
1616181816161616
1816181616161618
1618161616161616
0000000016141618
0000000016161618
0000000018161618
0000000018141618
0000000016161618
0000000018141618
0000000018161816
0000000018161818
1616181618181816
1618181818181816
1616161818161618
1816161818161818
1010101010101010
1210101010101212
1210101010101214
1210101010101214
1618181818161816
1618181818181818
1816161818181618
1816161818181616
1010101010101010
1212121412121012
1412141412121012
1412121412121212
1212121212121212
1616181618161618
1618161818161616
1814121618181616
1614121618161416
1616141618121016
1616181818141418
1616161616161416
1212121212121212
1816161616161618
1618161616161618
1618161416161018
1616161616161016
1616161616161818
1816161616161616
1616161416161818
1616161816181818
1816181818181818
1816161618181616
1618161618181618
1010101010101010
1212101010101012
1212101010101012
1212101010101012
1816181818181618
1816181818181818
1618161618181816
1818161618181816
1010101010101010
1212121214121210
1214121414121210
1214121214121212
1212121212121212
1816161816181616
1816181618181616
1818141216181816
1616141216181614
1816161416181210
1616161818181414
1816161616161614
1212121212121212
1618161616161616
1616181616161616
1616181614161610
1416161616161610
1016161616161618
1418161616161616
1416161614161618
1816161618161818
1818161818181818
1618161616181816
1616181616181816
1010101010101010
1012121010101010
1012121010101010
1212121010101010
1818161818181816
1818161818181818
1616181616181818
1618181616181818
1010101010101010
1012121212141212
1012141214141212
1012141212141212
1212121212121212
1618161618161816
1618161816181816
1018181412161818
1016161412161816
1818161614161812
1616161618181814
1818161616161616
1212121212121212
1616181616161616
1616161816161616
1816161816141616
1614161616161616
1210161616161616
1414181616161616
1614161616141616
1618161616181618
1818181618181818
1816181616161818
1816161816161818
1010101010101010
1210121210101010
1210121210101010
1212121210101010
0000000018181818
0000000018181818
0000000016161818
0000000016161818
0000000010101010
0000000012121412
0000000012141412
0000000012121412
1212121212121212
1616181616181618
1616181618161818
1610181814121618
1610161614121618
1618181616141618
1616161616181818
1618181616161616
0000000012121212
0000000016161616
0000000018161616
0000000018161416
0000000016161616
0000000016161616
0000000016161616
0000000016161416
1814121618141216
1616121616121016
1816141616161616
1616161818161616
1616161618141418
1616161618161618
1616161818161618
1816161618161616
1616161818161416
1618181616161016
1616121416181616
1616161618161616
1816161618161416
1816161616161616
1816161618161616
1616181618181616
1616161618161618
1618161816161618
1618161818161618
1618181816161616
1618181616161616
1816121616161616
1614121618161418
1614141618161618
1816161616161616
1816161616161616
1816161616161616
1616161616161616
1616161616161618
1616161616161818
1816161616161418
1816161616161618
1618141216181412
1616161216161210
1618161416161616
1616161618181616
1616161616181414
1616161616181616
1616161618181616
1618161616181616
1216161618181614
1016181816161610
1616161214161816
1616161616181616
1418161616181614
1618161616161616
1618161616181616
1616161816181816
1616161616181616
1616181618161616
1616181618181616
1616181818161616
1816181816161616
1818161216161616
1816141216181614
1816141416181616
1618161616161616
1618161616161616
1618161616161616
1616161616161616
1616161616161616
1616161616161618
1418161616161614
1618161616161616
1416181412161814
1016161612161612
1616181614161616
1616161616181816
1416161616161814
1616161616161816
1616161616181816
1616181616161816
1412161616181816
1210161818161616
1616161612141618
1616161616161816
1414181616161816
1616181616161616
1616181616161816
1616161618161818
1616161616161816
1616161816181616
1616161816181816
1616161818181616
1618161818161616
1818181612161616
1418161412161816
1618161414161816
1616181616161616
1616181616161616
1616181616161616
1616161616161616
1616161616161616
1616161616161616
1614181616161616
1616181616161616
1614161814121618
1610161616121616
1816161816141616
1616161616161818
1614161616161618
1616161616161618
1616161616161818
1816161816161618
0000000016161818
0000000018181616
0000000016121416
0000000016161618
0000000016161618
0000000016161616
0000000016161618
0000000016181618
1616161616161618
1616161618161816
1616161618161818
1616161618181816
1616181618181616
1618181816121616
1614181614121618
1616181614141618
0000000016161616
0000000016161616
0000000016161616
0000000016161616
0000000016161616
0000000016161616
0000000016161616
0000000016161616
1616141616161618
1614141616161616
1614121616161616
1614141616181816
1614121616181816
1616121616141416
1816161616161618
0000000000000000
1816161816181818
1616161816161618
1618161614181818
1616161616161618
1616181816181618
1616181616161816
1816161616161618
0000000000000000
0000000000000000
0000000000000000
0000000000000000
0000000000000000
0000000000000000
0000000000000000
0000000000000000
0000000000000000
0000000000000000
0000000000000000
0000000000000000
0000000000000000
0000000000000000
0000000000000000
0000000000000000
0000000000000000
1816161416161616
1816141416161616
1816141216161616
1816141416161818
1816141216161818
1616161216161414
1818161616161616
0000000000000000
1618161618161818
1616161618161616
1616181616141818
1816161616161616
1816161818161816
1416161816161618
1618161616161616
0000000000000000
0000000000000000
0000000000000000
0000000000000000
0000000000000000
0000000000000000
0000000000000000
0000000000000000
0000000000000000
0000000000000000
0000000000000000
0000000000000000
0000000000000000
0000000000000000
0000000000000000
0000000000000000
0000000000000000
1818161614161616
1618161414161616
1818161412161616
1618161414161618
1618161412161618
1816161612161614
1618181616161616
0000000000000000
1616181616181618
1616161616181616
1616161816161418
1818161616161616
1818161618181618
1414161618161616
1616181616161616
0000000000000000
0000000000000000
0000000000000000
0000000000000000
0000000000000000
0000000000000000
0000000000000000
0000000000000000
0000000000000000
0000000000000000
0000000000000000
0000000000000000
0000000000000000
0000000000000000
0000000000000000
0000000000000000
0000000000000000
1818181616141616
1616181614141616
1818181614121616
1616181614141616
1816181614121616
1618161616121616
1616181816161616
0000000000000000
0000000016161816
0000000016161816
0000000018161614
0000000016161616
0000000016181816
0000000016181616
0000000016161616
0000000000000000
0000000000000000
0000000000000000
0000000000000000
0000000000000000
0000000000000000
0000000000000000
0000000000000000
0000000000000000
0000000000000000
0000000000000000
0000000000000000
0000000000000000
0000000000000000
0000000000000000
0000000000000000
0000000000000000
0000000000000000
0000000000000000
0000000000000000
0000000000000000
0000000000000000
0000000000000000
0000000000000000
0000000000000000
0000000000000000
0000000000000000
0000000000000000
0000000000000000
0000000000000000
0000000000000000
0000000000000000
0000000000000000
0000000000000000
0000000000000000
0000000000000000
0000000000000000
0000000000000000
0000000000000000
0000000000000000
0000000000000000
0000000000000000
0000000000000000
0000000000000000
0000000000000000
0000000000000000
0000000000000000
0000000000000000
0000000000000000
0000000000000000
0000000000000000
0000000000000000
0000000000000000
0000000000000000
0000000000000000
0000000000000000
0000000000000000
0000000000000000
0000000000000000
0000000000000000
0000000000000000
0000000000000000
0000000000000000
0000000000000000
0000000000000000
0000000000000000
0000000000000000
0000000000000000
0000000000000000
0000000000000000
0000000000000000
0000000000000000
0000000000000000
0000000000000000
0000000000000000
0000000000000000
0000000000000000
0000000000000000
0000000000000000
0000000000000000
0000000000000000
0000000000000000
0000000000000000
0000000000000000
0000000000000000
0000000000000000
0000000000000000
0000000000000000
0000000000000000
0000000000000000
0000000000000000
0000000000000000
0000000000000000
0000000000000000
0000000000000000
0000000000000000
0000000000000000
0000000000000000
0000000000000000
0000000000000000
0000000000000000
0000000000000000
0000000000000000
0000000000000000
0000000000000000
0000000000000000
0000000000000000
0000000000000000
0000000000000000
0000000000000000
0000000000000000
0000000000000000
0000000000000000
0000000000000000
0000000000000000
0000000000000000
0000000000000000
0000000000000000
0000000000000000
0000000000000000
0000000000000000
0000000000000000
0000000000000000
0000000000000000
0000000000000000
0000000000000000
0000000000000000
0000000000000000
0000000000000000
0000000000000000
0000000000000000
0000000000000000
0000000000000000
0000000000000000
0000000000000000
0000000000000000
0000000000000000
0000000000000000
0000000000000000
0000000000000000
0000000000000000
0000000000000000
0000000000000000
0000000000000000
0000000000000000
0000000000000000
0000000000000000
0000000000000000
0000000000000000
0000000000000000
0000000000000000
0000000000000000
0000000000000000
0000000000000000
0000000000000000
0000000000000000
0000000000000000
0000000000000000
0000000000000000
0000000000000000
0000000000000000
0000000000000000
0000000000000000
0000000000000000
0000000000000000
0000000000000000
0000000000000000
0000000000000000
0000000000000000
0000000000000000
0000000000000000
0000000000000000
0000000000000000
0000000000000000
0000000000000000
0000000000000000
0000000000000000
0000000000000000
0000000000000000
0000000000000000
0000000000000000
0000000000000000
0000000000000000
0000000000000000
0000000000000000
0000000000000000
0000000000000000
0000000000000000
0000000000000000
0000000000000000
0000000000000000
0000000000000000
0000000000000000
0000000000000000
0000000000000000
0000000000000000
0000000000000000
0000000000000000
0000000000000000
0000000000000000
0000000000000000
0000000000000000
0000000000000000
0000000000000000
0000000000000000
0000000000000000
0000000000000000
0000000000000000
0000000000000000
0000000000000000
0000000000000000
0000000000000000
0000000000000000
0000000000000000
0000000000000000
0000000000000000
0000000000000000
0000000000000000
0000000000000000
0000000000000000
0000000000000000
0000000000000000
0000000000000000
0000000000000000
0000000000000000
0000000000000000
0000000000000000
0000000000000000
0000000000000000
0000000000000000
0000000000000000
0000000000000000
0000000000000000
0000000000000000
0000000000000000
0000000000000000
0000000000000000
0000000000000000
0000000000000000
0000000000000000
0000000000000000
0000000000000000
0000000000000000
0000000000000000
0000000000000000
0000000000000000
0000000000000000
0000000000000000
0000000000000000
0000000000000000
0000000000000000
0000000000000000
0000000000000000
0000000000000000
0000000000000000
0000000000000000
0000000000000000
0000000000000000
0000000000000000
0000000000000000
0000000000000000
0000000000000000
0000000000000000
0000000000000000
0000000000000000
0000000000000000
0000000000000000
0000000000000000
0000000000000000
0000000000000000
0000000000000000
0000000000000000
0000000000000000
0000000000000000
0000000000000000
0000000000000000
0000000000000000
0000000000000000
0000000000000000
0000000000000000
0000000000000000
0000000000000000
0000000000000000
0000000000000000
0000000000000000
0000000000000000
0000000000000000
0000000000000000
0000000000000000
0000000000000000
0000000000000000
0000000000000000
0000000000000000
0000000000000000
0000000000000000
0000000000000000
0000000000000000
0000000000000000
0000000000000000
0000000000000000
0000000000000000
0000000000000000
0000000000000000
0000000000000000
0000000000000000
0000000000000000
0000000000000000
0000000000000000
0000000000000000
0000000000000000
0000000000000000
0000000000000000
0000000000000000
0000000000000000
0000000000000000
0000000000000000
0000000000000000
0000000000000000
0000000000000000
0000000000000000
0000000000000000
0000000000000000
0000000000000000
0000000000000000
0000000000000000
0000000000000000
0000000000000000
0000000000000000
0000000000000000
0000000000000000
0000000000000000
0000000000000000
0000000000000000
0000000000000000
0000000000000000
0000000000000000
0000000000000000
0000000000000000
0000000000000000
0000000000000000
0000000000000000
0000000000000000
0000000000000000
0000000000000000
0000000000000000
0000000000000000
0000000000000000
0000000000000000
0000000000000000
0000000000000000
0000000000000000
0000000000000000
0000000000000000
0000000000000000
0000000000000000
0000000000000000
0000000000000000
0000000000000000
0000000000000000
0000000000000000
0000000000000000
0000000000000000
0000000000000000
0000000000000000
0000000000000000
0000000000000000
0000000000000000
0000000000000000
0000000000000000
0000000000000000
0000000000000000
0000000000000000
0000000000000000
0000000000000000
0000000000000000
0000000000000000
0000000000000000
0000000000000000
0000000000000000
0000000000000000
0000000000000000
0000000000000000
0000000000000000
0000000000000000
0000000000000000
0000000000000000
0000000000000000
0000000000000000
0000000000000000
0000000000000000
0000000000000000
0000000000000000
0000000000000000
0000000000000000
0000000000000000
0000000000000000
0000000000000000
0000000000000000
0000000000000000
0000000000000000
0000000000000000
