@20000000
1010101010101010
1010101010101010
1210101010101212
1410101010101414
1410101010101616
1410101010101616
1410101010101416
1210101010101414
1010101010101010
1010101012121010
1214161614141010
1416121616141014
1616161616161214
1614141416161214
1614141816161414
1412121214161612
1010101010101010
1414141414141414
1616161618161616
1616161618161616
1616161616161616
1616121616161616
1614121618161616
1614121618161416
1010101010101210
1414141414141414
1616161616161616
1616161616161616
1616161616161616
1616161616161616
1616141416161016
1616161416161014
1010101010101010
1010101010101010
1012101010101012
1414101010101014
1414101010101016
1414101010101016
1414101010101014
1212101010101014
1010101010101010
1010101010121210
1212141616141410
1414161216161410
1616161616161612
1616141414161612
1416141418161614
1414121212141616
1010101010101010
1414141414141414
1616161616181616
1616161616181616
1616161616161616
1616161216161616
1616141216181616
1416141216181614
1010101010101012
1414141414141414
1616161616161616
1616161616161616
1616161616161616
1616161616161616
1616161414161610
1416161614161610
1010101010101010
1010101010101010
1010121010101010
1014141010101010
1214141010101010
1214141010101010
1414141010101010
1612121010101010
1010101010101010
1010101010101212
1012121416161414
1014141612161614
1016161616161616
1016161414141616
1014161414181616
1014141212121416
1210101010101010
1414141414141414
1616161616161816
1616161616161816
1616161616161616
1616161612161616
1016161412161816
1014161412161816
1010101010101010
1414141414141414
1616161616161616
1616161616161616
1616161616161616
1616161616161616
1616161614141616
1614161616141616
1010101010101010
1210101010101010
1410101210101010
1410141410101010
1612141410101010
1612141410101010
1614141410101010
1616121210101010
0000000010101010
0000000010101012
0000000014161614
0000000016121616
0000000016161616
0000000014141416
0000000014141816
0000000012121214
1012101010101010
1414141414141414
1616161616161618
1616161616161618
1616161616161616
1616161616121616
1610161614121618
1610141614121618
0000000010101010
0000000014141414
0000000016161616
0000000016161616
0000000016161616
0000000016161616
0000000016141416
0000000016161416
1614121416161416
1614121418141416
1612141416141616
1614181418161616
1616181618161618
1616181616161616
1618181616161616
1614121616161616
1616161616141014
1616161616141014
1616161616141816
1616161616161816
1816161616161616
1616161616161814
1616161416161614
1616141616161614
1614121616161616
1614121616161616
1614121616141416
1614121616141416
1614121616161616
1616141616161616
1616161616161616
1616141618161416
1616161816161414
16161a1816141014
1616181616161014
1616181816161014
1616101216161416
1616141616161616
1616161616161616
1616161616161416
1416141214161614
1416141214181414
1616121414161416
1616141814181616
1616161816181616
1416161816161616
1416181816161616
1416141216161616
1416161616161410
1416161616161410
1616161616161418
1616161616161618
1618161616161616
1616161616161618
1616161614161616
1616161416161616
1416141216161616
1416141216161616
1416141216161414
1416141216161414
1616141216161616
1616161416161616
1616161616161616
1616161416181614
1616161618161614
1616161a18161410
1416161816161610
1416161818161610
1616161012161614
1616161416161616
1616161616161616
1416161616161614
1014161412141616
1014161412141814
1816161214141614
1816161418141816
1616161618161816
1814161618161616
1614161818161616
1614161412161616
1614161616161614
1414161616161614
1416161616161614
1616161616161616
1616181616161616
1616161616161616
1616161616141616
1616161614161616
1414161412161616
1014161412161616
1014161412161614
1014161412161614
1416161412161616
1616161614161616
1616161616161616
1416161614161816
1616161616181616
161616161a181614
1414161618161616
1414161618181616
1616161610121616
1616161614161616
1616161616161616
1614161616161616
1410141614121416
1410141614121418
1418161612141416
1618161614181418
1616161616181618
1618141616181616
1616141618181616
1616141614121616
0000000016161616
0000000016161616
0000000016161616
0000000016161616
0000000016161616
0000000016161616
0000000016161416
0000000016141616
1614141614121616
1410141614121616
1610141614121616
1610141614121616
1614161614121616
1616161616141616
1616161616161616
1614161616141618
0000000016161816
00000000161a1816
0000000016181616
0000000016181816
0000000016101216
0000000016141616
0000000016161616
0000000016161616
1616161618141416
1616161616161818
16181a18161a1816
1618181616181818
1618181816181818
1616141616141416
1616161616161616
1616161616161616
1616161618161416
1816181816161618
16181a1816181a18
1816181616181816
18161a1816181816
1616141616161414
1616161616161616
1616161616161616
1616161616161616
1616161616161616
1618161816161616
1618161816161616
1618161616161616
1616161816161616
1616161816161616
1618161616161616
1616161616161616
1616161616161616
1616161616161616
1616161616161616
1616161616161616
1616161616161616
1616161616161616
1616161616161616
1616161616181414
1816161616161618
1816181a18161a18
1616181816161818
1616181818161818
1416161416161414
1616161616161616
1616161616161616
1416161616181614
1818161818161616
1816181a1816181a
1818161816161818
1818161a18161818
1416161416161614
1616161616161616
1616161616161616
1616161616161616
1616161616161616
1616181618161616
1616181618161616
1616181616161616
1616161618161616
1616161618161616
1616181616161616
1616161616161616
1616161616161616
1616161616161616
1616161616161616
1616161616161616
1616161616161616
1616161616161616
1616161616161616
1416161616161814
1618161616161616
1a1816181a18161a
1816161818161618
1816161818181618
1414161614161614
1616161616161616
1616161616161616
1414161616161816
1618181618181616
1a1816181a181618
1818181618161618
181818161a181618
1414161614161616
1616161616161616
1616161616161616
1616161616161616
1616161616161616
1616161816181616
1616161816181616
1616161816161616
1616161616181616
1616161616181616
1616161816161616
1616161616161616
1616161616161616
1616161616161616
1616161616161616
1616161616161616
1616161616161616
1616161616161616
1616161616161616
1614161616161618
1616181616161616
181a1816181a1816
1818161618181616
1818161618181816
1614141616141616
1616161616161616
1616161616161616
0000000016161618
0000000016181816
00000000181a1816
0000000016181616
00000000161a1816
0000000016141616
0000000016161616
0000000016161616
1616161616161616
1616161616161616
1616161618161816
1616161618161816
1616161618161616
1616161616161816
1616161616161816
1616161618161616
0000000016161616
0000000016161616
0000000016161616
0000000016161616
0000000016161616
0000000016161616
0000000016161616
0000000016161616
1618161616161616
1818181618161616
1616141618161816
1616161616141416
1616161618161416
1616161616141616
1616161618161618
1616161618161616
1616161616161616
1616161616161616
1616161616161818
1616161616161818
1616161616161616
1616161616161618
1816181616161618
1616161616161618
1616161616161616
1616141616161616
1616161616161616
1616161616141416
1614141616141416
1614141616141616
1618161616181816
1616161616181816
1616161816181618
1616161816161618
1616161616161618
1616161616161414
1616161614161616
1616161616161616
1616141616161418
1616161616161618
1616181616161616
1618181816181616
1816161416181618
1816161616161414
1616161616181614
1816161616161416
1816161616181616
1816161616181616
1616161616161616
1616161616161616
1816161616161618
1416161616161618
1416161616161616
1616161616161616
1618161816161616
1616161616161616
1816161616161616
1816161416161616
1816161616161616
1416161616161414
1616141416161414
1616141416161416
1816181616161818
1816161616161818
1616161618161816
1616161618161616
1616161616161616
1416161616161614
1416161616141616
1616161616161616
1816161416161614
1816161616161616
1616161816161616
1616181818161816
1818161614161816
1818161616161614
1616161616161816
1618161616161614
1618161616161816
1618161616161816
1616161616161616
1616161616161616
1618161616161616
1414161616161616
1614161616161616
1416161616161616
1616181618161616
1616161616161616
1618161616161616
1618161614161616
1618161616161616
1414161616161614
1616161414161614
1616161414161614
1418161816161618
1618161616161618
1616161616181618
1616161616181616
1616161616161616
1414161616161616
1414161616161416
1416161616161616
1818161614161616
1818161616161616
1616161618161616
1616161818181618
1618181616141618
1618181616161616
1616161616161618
1616181616161616
1616181616161618
1616181616161618
0000000016161616
0000000016161616
0000000016161616
0000000016161616
0000000016161616
0000000016161616
0000000016181616
0000000016161616
1816181616161616
1616181616141616
1616181616161616
1614141616161616
1616161614141616
1616161614141616
1614181618161616
1616181616161616
0000000016161816
0000000016161816
0000000016161616
0000000016161616
0000000016161614
0000000016161616
0000000016141616
0000000016161616
1616161616161616
1616161616161616
1616161616141216
1616161616161616
1816161616161616
1616161416141416
1616161616141618
1618181816181816
1616161616181418
1616161616181818
1616161616161816
1616161616161616
1618161616161616
1616141416161416
1816161616161618
1618181816161818
1818181816181816
181a181816181816
1816161618161616
1816161616161616
1616161616161616
1616161616161616
1616161616161616
1616161616161616
1618181818161816
16181a1818161816
1616161616161616
1616161616161618
1616161616161618
1616161616161616
1616161618161616
1616181618161616
1816161616161616
1816161616161616
1616161616161412
1616161616161616
1618161616161616
1616161614161414
1816161616161416
1816181818161818
1616161616161814
1616161616161818
1216161616161618
1616161616161616
1616181616161616
1416161414161614
1618161616161616
1816181818161618
1618181818161818
16181a1818161818
1618161616181616
1818161616161616
1816161616161616
1616161616161616
1616161616161616
1616161616161616
1816181818181618
1816181a18181618
1616161616161616
1616161616161616
1616161616161616
1616161616161616
1616161616181616
1616161816181616
1418161616161616
1818161616161616
1816161616161614
1616161616161616
1616181616161616
1416161616141614
1618161616161614
1818161818181618
1616161616161618
1616161616161618
1412161616161616
1616161616161616
1616161816161616
1414161614141616
1416181616161616
1818161818181616
1816181818181618
1816181a18181618
1616181616161816
1618181616161616
1618161616161616
1616161616161616
1616161616161616
1616161616161616
1818161818181816
181816181a181816
1616161616161616
1616161616161616
1616161616161616
1616161616161616
1616161616161816
1616161618161816
1814181616161616
1818181616161616
1618161616161616
1616161616161616
1616161816161616
1614161616161416
1616181616161616
1618181618181816
0000000016161616
0000000016161616
0000000016161616
0000000016161616
0000000018161616
0000000016141416
0000000016161616
0000000018181816
1618161818181816
161816181a181816
1616161816161618
1616181816161616
1616181616161616
1616161616161616
1616161616161616
1616161616161616
0000000018181818
00000000181a1818
0000000016161616
0000000016161616
0000000016161616
0000000016161616
0000000016161618
0000000016181618
1616161616161616
1816161616161818
1816161616161616
1616161616161816
1816161616161616
1616161616161616
1616161616161616
1616161616161616
1616181616161616
1816161816161616
1616161616161616
1616161816161618
1618161616161616
1616161616161618
1616161616161616
1616161616161618
1616161616161816
1616161616141416
1616161416141416
1614141616141216
1614121416161616
1616121416121016
1618161616121218
1618161616141218
1618161616161618
1618161416161616
1618181616161616
1618161616161216
1618161616161214
1618181616141216
1816161616181816
1818181616181818
1616161616161616
1618161616161618
1618161616161616
1816161616161618
1618161616161616
1816161616161616
1616161616161616
1816161616161616
1616161816161616
1818161618161616
1616161616161616
1816161618161616
1616181616161616
1616161616161616
1616161616161616
1616161616161616
1816161616161618
1616161616161414
1616161614161414
1616141416161412
1416141214161616
1616161214161210
1616181616161212
1816181616161412
1816181616161616
1416181614161616
1416181816161616
1216181616161612
1616181616161612
1016181816161412
1218161616161818
1218181816161818
1616161616161616
1616181616161616
1616181616161616
1618161616161616
1616181616161616
1618161616161616
1616161616161616
1618161616161616
1616161618161616
1618181616181616
1616161616161616
1618161616181616
1616161816161616
1616161616161616
1616161616161616
1616161616161616
1618161616161616
1616161616161614
1616161616141614
1216161414161614
1214161412141616
1216161612141612
1816161816161612
1818161816161614
1618161816161616
1414161816141616
1414161818161616
1412161816161616
1616161816161616
1210161818161614
1212181616161618
1412181818161618
1616161616161616
1616161816161616
1616161816161616
1616181616161616
1616161816161616
1616181616161616
1616161616161616
1616181616161616
0000000016181616
0000000016161816
0000000016161616
0000000016161816
0000000018161616
0000000016161616
0000000016161616
0000000016161616
1616181616161616
1616161616161616
1616161616161416
1612161614141616
1612141614121416
1412161616121416
1818161618161616
1818181618161616
0000000018161616
0000000018161416
0000000018181616
0000000018161616
0000000018161616
0000000018181616
0000000016161616
0000000018181616
1618181616161418
1618161616121016
1612121416181616
1616161616161418
1616181616121018
1616181616181816
1616181616141218
1616161618141218
1818161816181816
1618161816141418
1616161616141014
1816161616161616
1816161616161816
1616161816161816
1818161816161616
1818181616161214
1616161616161616
1616161616161616
1616141816161416
1616141616161616
1616161816161618
16181a16161a1a16
16181a1616181818
1618181616181818
1618161616161616
1616161616161616
1616141616161416
1616141616161616
1816161816161618
1616181816161a18
1816181816161818
1816181816161818
1616181816161614
1816181616161210
1416121214161816
1616161616161614
1616161816161210
1616161816161818
1616161816161412
1416161616181412
1418181618161818
1016181618161414
1616161616161410
1418161616161616
1018161616161618
1816161618161618
1218181618161616
1218181816161612
1616161616161616
1616161616161616
1616161418161614
1616161416161616
1816161618161616
1816181a16161a1a
1816181a16161818
1816181816161818
1616181616161616
1616161616161616
1416161416161614
1616161416161616
1618161618161616
1a1616181816161a
1818161818161618
1818161818161618
1816161818161616
1418161816161612
1014161212141618
1616161616161616
1816161618161612
1816161618161618
1616161618161614
1214161616161814
1614181816181618
1210161816181614
1816161616161614
1614181616161616
1210181616161616
1818161616181616
1412181816181616
1412181818161616
1616161616161616
1616161616161616
1416161614181616
1616161614161616
1618161616181616
1a1816181a16161a
181816181a161618
1818161818161618
1616161816161616
1616161616161616
1614161614161616
1616161614161616
1616181616181616
1a1a161618181616
1818181618181616
1818181618181616
1818161618181616
1414181618161616
1410141612121416
1616161616161616
1618161616181616
1618161616181616
1616161616181616
1612141616161618
0000000018161816
0000000018161816
0000000016161616
0000000016161616
0000000016161616
0000000016161816
0000000018161816
0000000018181616
1616161616161616
1616161616161616
1614161616141816
1616161616141616
1616181616161816
161a1816181a1616
16181816181a1616
1618181618181616
0000000018161616
0000000016161616
0000000016141616
0000000016141616
0000000016161816
0000000016181816
0000000016181816
0000000016181816
1616161616141416
1616181616161616
1616161616161816
1616161616161616
1616161616161616
1616161616161616
1616161616161618
1616161616161616
1616161616161416
1616181616161616
1616161616161616
1616161616161616
1616161616161616
1616161616161616
1816161618161616
1616161616161616
1616161616161616
1616161616161616
1616161616161618
1618161616161616
1616161616161816
1616161616161816
1616161618161616
1616161618161416
1616161616161616
1616161616161616
1818161616161616
1616161616161616
1616161616161616
1616181616161616
1616181816161416
1616141216161214
1616161616161414
1616161816161616
1616161616161618
1616161616161616
1616161616161616
1616161616161616
1616161616161616
1616161616161616
1416161616161614
1616161816161616
1816161616161616
1616161616161616
1616161616161616
1616161616161616
1618161616181616
1616161616161616
1616161616161616
1616161616161616
1616161616161616
1616181616161616
1616161616161618
1616161616161618
1616161616181616
1416161616181614
1616161616161616
1616161616161616
1618181616161616
1616161616161616
1816161616161616
1816161816161616
1616161818161614
1416161412161612
1416161616161614
1616161618161616
1616161616161616
1616161616161616
1616161616161616
1616161616161616
1616161616161616
1616161616161616
1414161616161616
1616161618161616
1618161616161616
1616161616161616
1616161616161616
1616161616161616
1616181616161816
1616161616161616
1616161616161616
1616161616161616
1616161616161616
1616161816161616
1616161616161616
1616161616161616
1416161616161816
1214161616161816
1616161616161616
1616161616161616
1616181816161616
1616161616161616
1618161616161616
1618161618161616
1616161618181616
1614161614121616
1614161616161616
1616161616181616
1616161616161616
1616161616161616
1616161616161616
1616161616161616
1616161616161616
1616161616161616
0000000016161616
0000000016181616
0000000016161616
0000000016161616
0000000016161616
0000000016161616
0000000016161618
0000000016161616
1616161616161616
1616161616161616
1616161616161616
1616161618161616
1616161616161616
1616161616161616
1614161616161618
1612141616161618
0000000016161616
0000000016161616
0000000018161616
0000000016161616
0000000016161616
0000000016181616
0000000016181816
0000000016141216
1616161616161618
1618141616161616
1616121616161616
1616141818161418
1616161816141418
1616161816161418
1614161818161418
1614181816161616
1816141616161214
1616161616161214
1616161616161214
1816141416161214
1816121216161214
1816161616141214
1816161616161214
1616121416161216
1616161816161616
1616161816161618
1616181816161616
1616161616141418
1616161616141418
1816181816161416
1816161816161616
1816181816161616
1616141416161218
1816161816161218
1616121416161218
1816121416161416
1816141416161616
1616161618181616
1616161618161616
1616181616161616
1416161616161616
1416181416161616
1416161216161616
1416161418181614
1416161618161414
1416161618161614
1416141618181614
1616141818161616
1618161416161612
1616161616161612
1616161616161612
1418161414161612
1418161212161612
1418161616161412
1418161616161612
1616161214161612
1816161618161616
1816161618161616
1816161818161616
1616161616161414
1616161616161414
1618161818161614
1618161618161616
1618161818161616
1616161414161612
1618161618161612
1616161214161612
1418161214161614
1418161414161616
1416161616181816
1616161616181616
1616161816161616
1214161616161616
1214161814161616
1214161612161616
1214161614181816
1214161616181614
1214161616181616
1214161416181816
1216161418181616
1616181614161616
1616161616161616
1616161616161616
1614181614141616
1414181612121616
1614181616161614
1614181616161616
1616161612141616
1218161616181616
1218161616181616
1218161618181616
1416161616161614
1616161616161614
1616181618181616
1616181616181616
1616181618181616
1616161614141616
1616181616181616
1616161612141616
1414181612141616
1414181614141616
1614161616161818
1616161616161816
1616161618161616
1612141616161616
1612141618141616
1612141616121616
1612141616141818
1612141616161816
1412141616161816
1612141614161818
1612161614181816
0000000016141616
0000000016161616
0000000016161616
0000000016141416
0000000016121216
0000000016161616
0000000016161616
0000000016121416
1612181616161816
1612181616161816
1612181616181816
1614161616161616
1616161616161616
1816161816181816
1616161816161816
1616161816181816
0000000016141416
0000000016161816
0000000016121416
0000000016121416
0000000016141416
0000000016161618
0000000016161618
0000000016181616
1614161616161416
1616161616161618
1618181816181a18
1618181816181816
161a1818181a1818
1616161618161616
1616161618161616
1616161816161616
1616161616141414
1816181616161416
181618181618181a
1618181a1616181a
1818181816181a1a
1616161616161616
1616161616161616
1618181616161616
1616161616161616
1616161616161616
1618161616161616
1618161616161616
1616161616161616
1616161616161616
1616161616161616
1816161616161618
1618161616161616
1618181616161616
1618161616161616
1618161616161616
1616161616161616
1616161616161616
1616161616161616
1818161616161616
1416141616161614
1616161616161616
1a1618181816181a
1a16181818161818
1a161a1818181a18
1616161616181616
1616161616181616
1616161618161616
1416161616161414
1618161816161614
1a18161818161818
181618181a161618
181818181816181a
1616161616161616
1616161616161616
1616181816161616
1616161616161616
1616161616161616
1616181616161616
1616181616161616
1616161616161616
1616161616161616
1616161616161616
1618161616161616
1616181616161616
1616181816161616
1616181616161616
1616181616161616
1616161616161616
1616161616161616
1616161616161616
1618181616161616
1414161416161616
1416161616161616
181a161818181618
181a161818181618
1a1a161a1818181a
1616161616161816
1616161616161816
1616161616181616
1614161616161614
1616181618161616
181a181618181618
18181618181a1616
1a18181818181618
1616161616161616
1616161616161616
1616161818161616
1616161616161616
1616161616161616
1616161816161616
1616161816161616
1616161616161616
1616161616161616
1616161616161616
1616181616161616
1616161816161616
1616161818161616
1616161816161616
1616161816161616
1616161616161616
1616161616161616
1616161616161616
1616181816161616
1414141614161616
1614161616161616
18181a1618181816
16181a1618181816
181a1a161a181818
1616161616161618
1616161616161618
1616161616161816
0000000016161616
0000000016181616
0000000016181816
0000000018181a16
0000000018181816
0000000016161616
0000000016161616
0000000018181616
1616161616161616
1616161616161616
1616161618161616
1616161618161616
1616161616161616
1616161616161616
1616161616161616
1616161816161616
0000000018161616
0000000018181616
0000000018161616
0000000018161616
0000000016161616
0000000016161616
0000000016161616
0000000018161616
1816161616161616
1616181616181616
1616181616181616
1616181818181616
1816161616181616
1616161616181616
1616181616161616
1616161616181818
1618161616161618
1616161616161618
1616161616161616
1616161616161618
1618161616161616
1616161616161616
1616161616161616
1816181616161816
1616161616181816
1616161616181816
1618161616181618
1618161616181616
1816161616161616
1818161616161616
1618121616141616
1618141616141616
1616161616161616
1616161618161816
1818161616181616
1616161616161616
1616161616161816
1616161616161818
1616161616181618
1616161618181618
1818161616161616
1816161816161816
1616161816161816
1816161818181816
1618161616161816
1616161616161816
1616161816161616
1616161616161818
1616181616161616
1616161616161616
1616161616161616
1616161616161616
1616181616161616
1616161616161616
1616161616161616
1818161816161618
1616161616161818
1616161616161818
1616181616161816
1616181616161816
1618161616161616
1818181616161616
1816181216161416
1816181416161416
1816161616161616
1816161616181618
1618181616161816
1616161616161616
1616161616161618
1616161616161618
1616161616161816
1616161616181816
1618181616161616
1618161618161618
1616161618161618
1618161618181818
1616181616161618
1616161616161618
1616161618161616
1816161616161618
1616161816161616
1816161616161616
1816161616161616
1816161616161616
1816161816161616
1816161616161616
1616161616161616
1818181618161616
1616161616161618
1816161616161618
1616161816161618
1616161816161618
1816181616161616
1818181816161616
1618161812161614
1618161814161614
1818161616161616
1818161616161816
1816181816161618
1816161616161616
1616161616161616
1616161616161616
1416161616161618
1416161616161818
1616181816161616
1616181616181616
1616161616181616
1616181616181818
1616161816161616
1616161616161616
1616161616181616
1618161616161616
0000000018161616
0000000016161616
0000000016161616
0000000016161616
0000000018161616
0000000016161616
0000000016161616
0000000016181616
1616161616161616
1618161616161616
1816161618161616
1616161618161616
1618161816161616
1618181818161616
1816181618121616
1816181618141616
0000000016161616
0000000016161618
0000000018161616
0000000016161616
0000000016161616
0000000016161616
0000000016161616
0000000016161618
1618181616141616
1618181418161616
1616181418141616
1618181418141616
1616181418141616
1616181416141616
1616181616181616
1616161616181416
1616161416181416
1618161418161416
1616161618161416
1616181618161416
1616181616181418
1616161418161418
1618161416161416
1616161418181418
1616161616161416
1614101616181416
1616161616161416
1616161616161616
1616161616161616
1616161616161616
1616161616161616
1616161616161816
1616181618181416
1616161616181416
1616161616161618
1616161616161816
1616161616161616
1616161616161616
1616161616161616
1616181818161816
1616181816161416
1616181814181616
1616161814181416
1616181814181416
1816161814181416
1816161814161416
1616161816161816
1816161616161814
1616161614161814
1616181614181614
1616161616181614
1616161816181614
1616161816161814
1616161614181614
1616181614161614
1416161614181814
1616161616161614
1616141016161814
1816161616161614
1616161616161616
1616161616161616
1616161616161616
1616161616161616
1616161616161618
1416161816181814
1416161616161814
1416161616161616
1616161616161618
1616161616161616
1616161616161616
1616161616161616
1816161818181618
1416161818161614
1416161818141816
1416161618141814
1416161818141814
1418161618141814
1418161618141614
1416161618161618
1418161616161618
1416161616141618
1616161816141816
1416161616161816
1416161618161816
1416161618161618
1416161616141816
1816161816141616
1814161616141818
1416161616161616
1416161410161618
1618161616161616
1816161616161616
1616161616161616
1616161616161616
1616161616161616
1816161616161616
1614161618161818
1814161616161618
1614161616161616
1616161616161616
1616161616161616
1616161616161616
1616161616161616
1618161618181816
1814161618181616
1614161618181418
1614161616181418
1614161618181418
1814181616181418
1614181616181416
1614161616181616
1814181616161616
0000000016161416
0000000018161418
0000000016161618
0000000016181618
0000000016181616
0000000016161418
0000000018161416
0000000016161418
1814161616161616
1814161614101616
1616181616161616
1618161616161616
1616161616161616
1616161616161616
1616161616161616
1618161616161616
0000000016181618
0000000016161616
0000000016161616
0000000016161616
0000000016161616
0000000016161616
0000000016161616
0000000016181818
1616181616181816
1616181618181816
1616181618181816
1616161618161816
1616161618161616
1616161618161616
1616161616161816
1616161616161616
1618181818161a18
1618181818161818
16181a1818161a18
1618161816161816
1616161616161616
1616181816161616
1616161818161616
1616161818161616
1010101010101010
1010101010101010
1210101010101212
1410101010101414
1410101010101616
1410101010101616
1410101010101416
1210101010101414
1010101010101010
1010101012121010
1214161614141010
1416121616141014
1616161616161214
1614141416161214
1614141816161414
1412121214161612
1816161816161818
1816161816181818
1816161816181818
1616161616181618
1616161616181616
1616161616181616
1616161616161618
1616161616161616
181618181818161a
1816181818181618
1816181a1818161a
1816181618161618
1616161616161616
1616161818161616
1816161618181616
1616161618181616
1010101010101010
1010101010101010
1012101010101012
1414101010101014
1414101010101016
1414101010101016
1414101010101014
1212101010101014
1010101010101010
1010101010121210
1212141616141410
1414161216161410
1616161616161612
1616141414161612
1416141418161614
1414121212141616
1a18161618161618
1818161618161818
1a18161618161818
1816161616161816
1616161616161816
1616161616161816
1616161616161616
1616161616161616
1818161818181816
1818161818181816
181816181a181816
1618161816181616
1616161616161616
1616161618181616
1618161616181816
1616161616181816
1010101010101010
1010101010101010
1010121010101010
1014141010101010
1214141010101010
1214141010101010
1414141010101010
1612121010101010
1010101010101010
1010101010101212
1012121416161414
1014141612161614
1016161616161616
1016161414141616
1014161414181616
1014141212121416
161a181616181616
1618181616181618
161a181616181618
1618161616161618
1616161616161618
1616161616161618
1616161616161616
1616161616161616
0000000018181818
0000000018181818
00000000181a1818
0000000018161816
0000000016161616
0000000016181816
0000000016161818
0000000016161818
1010101010101010
1210101010101010
1410101210101010
1410141410101010
1612141410101010
1612141410101010
1614141410101010
1616121210101010
0000000010101010
0000000010101012
0000000014161614
0000000016121616
0000000016161616
0000000014141416
0000000014141816
0000000012121214
1010101010101010
1414141414141414
1616161618161616
1616161618161616
1616161616161616
1616121616161616
1614121618161616
1614121618161416
1010101010101210
1414141414141414
1616161616161616
1616161616161616
1616161616161616
1616161616161616
1616141416161016
1616161416161014
1614121416161416
1614121418141416
1612141416141616
1614181418161616
1616181618161618
1616181616161616
1618181616161616
1614121616161616
1616161616141014
1616161616141014
1616161616141816
1616161616161816
1816161616161616
1616161616161814
1616161416161614
1616141616161614
1010101010101010
1414141414141414
1616161616181616
1616161616181616
1616161616161616
1616161216161616
1616141216181616
1416141216181614
1010101010101012
1414141414141414
1616161616161616
1616161616161616
1616161616161616
1616161616161616
1616161414161610
1416161614161610
1416141214161614
1416141214181414
1616121414161416
1616141814181616
1616161816181616
1416161816161616
1416181816161616
1416141216161616
1416161616161410
1416161616161410
1616161616161418
1616161616161618
1618161616161616
1616161616161618
1616161614161616
1616161416161616
1210101010101010
1414141414141414
1616161616161816
1616161616161816
1616161616161616
1616161612161616
1016161412161816
1014161412161816
1010101010101010
1414141414141414
1616161616161616
1616161616161616
1616161616161616
1616161616161616
1616161614141616
1614161616141616
1014161412141616
1014161412141814
1816161214141614
1816161418141816
1616161618161816
1814161618161616
1614161818161616
1614161412161616
1614161616161614
1414161616161614
1416161616161614
1616161616161616
1616181616161616
1616161616161616
1616161616141616
1616161614161616
1012101010101010
1414141414141414
1616161616161618
1616161616161618
1616161616161616
1616161616121616
1610161614121618
1610141614121618
0000000010101010
0000000014141414
0000000016161616
0000000016161616
0000000016161616
0000000016161616
0000000016141416
0000000016161416
1410141614121416
1410141614121418
1418161612141416
1618161614181418
1616161616181618
1618141616181616
1616141618181616
1616141614121616
0000000016161616
0000000016161616
0000000016161616
0000000016161616
0000000016161616
0000000016161616
0000000016161416
0000000016141616
1614121616161616
1614121616161616
1614121616141416
1614121616141416
1614121616161616
1616141616161616
1616161616161616
1616141618161416
1616161816161414
16161a1816141014
1616181616161014
1616181816161014
1616101216161416
1616141616161616
1616161616161616
1616161616161416
1616161618141416
1616161616161818
16181a18161a1816
1618181616181818
1618181816181818
1616141616141416
1616161616161616
1616161616161616
1616161618161416
1816181816161618
16181a1816181a18
1816181616181816
18161a1816181816
1616141616161414
1616161616161616
1616161616161616
1416141216161616
1416141216161616
1416141216161414
1416141216161414
1616141216161616
1616161416161616
1616161616161616
1616161416181614
1616161618161614
1616161a18161410
1416161816161610
1416161818161610
1616161012161614
1616161416161616
1616161616161616
1416161616161614
1616161616181414
1816161616161618
1816181a18161a18
1616181816161818
1616181818161818
1416161416161414
1616161616161616
1616161616161616
1416161616181614
1818161818161616
1816181a1816181a
1818161816161818
1818161a18161818
1416161416161614
1616161616161616
1616161616161616
1414161412161616
1014161412161616
1014161412161614
1014161412161614
1416161412161616
1616161614161616
1616161616161616
1416161614161816
1616161616181616
161616161a181614
1414161618161616
1414161618181616
1616161610121616
1616161614161616
1616161616161616
1614161616161616
1416161616161814
1618161616161616
1a1816181a18161a
1816161818161618
1816161818181618
1414161614161614
1616161616161616
1616161616161616
1414161616161816
1618181618181616
1a1816181a181618
1818181618161618
181818161a181618
1414161614161616
1616161616161616
1616161616161616
1614141614121616
1410141614121616
1610141614121616
1610141614121616
1614161614121616
1616161616141616
1616161616161616
1614161616141618
0000000016161816
00000000161a1816
0000000016181616
0000000016181816
0000000016101216
0000000016141616
0000000016161616
0000000016161616
1614161616161618
1616181616161616
181a1816181a1816
1818161618181616
1818161618181816
1614141616141616
1616161616161616
1616161616161616
0000000016161618
0000000016181816
00000000181a1816
0000000016181616
00000000161a1816
0000000016141616
0000000016161616
0000000016161616
1616161616161616
1616161616161616
1618161816161616
1618161816161616
1618161616161616
1616161816161616
1616161816161616
1618161616161616
1616161616161616
1616161616161616
1616161616161616
1616161616161616
1616161616161616
1616161616161616
1616161616161616
1616161616161616
1618161616161616
1818181618161616
1616141618161816
1616161616141416
1616161618161416
1616161616141616
1616161618161618
1616161618161616
1616161616161616
1616161616161616
1616161616161818
1616161616161818
1616161616161616
1616161616161618
1816181616161618
1616161616161618
1616161616161616
1616161616161616
1616181618161616
1616181618161616
1616181616161616
1616161618161616
1616161618161616
1616181616161616
1616161616161616
1616161616161616
1616161616161616
1616161616161616
1616161616161616
1616161616161616
1616161616161616
1616161616161616
1616181616161616
1618181816181616
1816161416181618
1816161616161414
1616161616181614
1816161616161416
1816161616181616
1816161616181616
1616161616161616
1616161616161616
1816161616161618
1416161616161618
1416161616161616
1616161616161616
1618161816161616
1616161616161616
1616161616161616
1616161616161616
1616161816181616
1616161816181616
1616161816161616
1616161616181616
1616161616181616
1616161816161616
1616161616161616
1616161616161616
1616161616161616
1616161616161616
1616161616161616
1616161616161616
1616161616161616
1616161616161616
1616161816161616
1616181818161816
1818161614161816
1818161616161614
1616161616161816
1618161616161614
1618161616161816
1618161616161816
1616161616161616
1616161616161616
1618161616161616
1414161616161616
1614161616161616
1416161616161616
1616181618161616
1616161616161616
1616161616161616
1616161616161616
1616161618161816
1616161618161816
1616161618161616
1616161616161816
1616161616161816
1616161618161616
0000000016161616
0000000016161616
0000000016161616
0000000016161616
0000000016161616
0000000016161616
0000000016161616
0000000016161616
1616161618161616
1616161818181618
1618181616141618
1618181616161616
1616161616161618
1616181616161616
1616181616161618
1616181616161618
0000000016161616
0000000016161616
0000000016161616
0000000016161616
0000000016161616
0000000016161616
0000000016181616
0000000016161616
1616161616161616
1616141616161616
1616161616161616
1616161616141416
1614141616141416
1614141616141616
1618161616181816
1616161616181816
1616161816181618
1616161816161618
1616161616161618
1616161616161414
1616161614161616
1616161616161616
1616141616161418
1616161616161618
1616161616161616
1616161616161616
1616161616141216
1616161616161616
1816161616161616
1616161416141416
0000000000000000
0000000000000000
1616161616181418
1616161616181818
1616161616161816
1616161616161616
1618161616161616
1616141416161416
0000000000000000
0000000000000000
1816161616161616
1816161416161616
1816161616161616
1416161616161414
1616141416161414
1616141416161416
1816181616161818
1816161616161818
1616161618161816
1616161618161616
1616161616161616
1416161616161614
1416161616141616
1616161616161616
1816161416161614
1816161616161616
1816161616161616
1816161616161616
1616161616161412
1616161616161616
1618161616161616
1616161614161414
0000000000000000
0000000000000000
1616161616161814
1616161616161818
1216161616161618
1616161616161616
1616181616161616
1416161414161614
0000000000000000
0000000000000000
1618161616161616
1618161614161616
1618161616161616
1414161616161614
1616161414161614
1616161414161614
1418161816161618
1618161616161618
1616161616181618
1616161616181616
1616161616161616
1414161616161616
1414161616161416
1416161616161616
1818161614161616
1818161616161616
1418161616161616
1818161616161616
1816161616161614
1616161616161616
1616181616161616
1416161616141614
0000000000000000
0000000000000000
1616161616161618
1616161616161618
1412161616161616
1616161616161616
1616161816161616
1414161614141616
0000000000000000
0000000000000000
1816181616161616
1616181616141616
1616181616161616
1614141616161616
1616161614141616
1616161614141616
1614181618161616
1616181616161616
0000000016161816
0000000016161816
0000000016161616
0000000016161616
0000000016161614
0000000016161616
0000000016141616
0000000016161616
1814181616161616
1818181616161616
1618161616161616
1616161616161616
1616161816161616
1614161616161416
0000000000000000
0000000000000000
0000000016161616
0000000016161616
0000000016161616
0000000016161616
0000000018161616
0000000016141416
0000000000000000
0000000000000000
0000000000000000
0000000000000000
0000000000000000
0000000000000000
0000000000000000
0000000000000000
0000000000000000
0000000000000000
0000000000000000
0000000000000000
0000000000000000
0000000000000000
0000000000000000
0000000000000000
0000000000000000
0000000000000000
0000000000000000
0000000000000000
0000000000000000
0000000000000000
0000000000000000
0000000000000000
0000000000000000
0000000000000000
0000000000000000
0000000000000000
0000000000000000
0000000000000000
0000000000000000
0000000000000000
0000000000000000
0000000000000000
0000000000000000
0000000000000000
0000000000000000
0000000000000000
0000000000000000
0000000000000000
0000000000000000
0000000000000000
0000000000000000
0000000000000000
0000000000000000
0000000000000000
0000000000000000
0000000000000000
0000000000000000
0000000000000000
0000000000000000
0000000000000000
0000000000000000
0000000000000000
0000000000000000
0000000000000000
0000000000000000
0000000000000000
0000000000000000
0000000000000000
0000000000000000
0000000000000000
0000000000000000
0000000000000000
0000000000000000
0000000000000000
0000000000000000
0000000000000000
0000000000000000
0000000000000000
0000000000000000
0000000000000000
0000000000000000
0000000000000000
0000000000000000
0000000000000000
0000000000000000
0000000000000000
0000000000000000
0000000000000000
0000000000000000
0000000000000000
0000000000000000
0000000000000000
0000000000000000
0000000000000000
0000000000000000
0000000000000000
0000000000000000
0000000000000000
0000000000000000
0000000000000000
0000000000000000
0000000000000000
0000000000000000
0000000000000000
0000000000000000
0000000000000000
0000000000000000
0000000000000000
0000000000000000
0000000000000000
0000000000000000
0000000000000000
0000000000000000
0000000000000000
0000000000000000
0000000000000000
0000000000000000
0000000000000000
0000000000000000
0000000000000000
0000000000000000
0000000000000000
0000000000000000
0000000000000000
0000000000000000
0000000000000000
0000000000000000
0000000000000000
0000000000000000
0000000000000000
0000000000000000
0000000000000000
0000000000000000
0000000000000000
0000000000000000
0000000000000000
0000000000000000
0000000000000000
0000000000000000
0000000000000000
0000000000000000
0000000000000000
0000000000000000
0000000000000000
0000000000000000
0000000000000000
0000000000000000
0000000000000000
0000000000000000
0000000000000000
0000000000000000
0000000000000000
0000000000000000
0000000000000000
0000000000000000
0000000000000000
0000000000000000
0000000000000000
0000000000000000
0000000000000000
0000000000000000
0000000000000000
0000000000000000
0000000000000000
0000000000000000
0000000000000000
0000000000000000
0000000000000000
0000000000000000
0000000000000000
0000000000000000
0000000000000000
0000000000000000
0000000000000000
0000000000000000
0000000000000000
0000000000000000
0000000000000000
0000000000000000
0000000000000000
0000000000000000
0000000000000000
0000000000000000
0000000000000000
0000000000000000
0000000000000000
0000000000000000
0000000000000000
0000000000000000
0000000000000000
0000000000000000
0000000000000000
0000000000000000
0000000000000000
0000000000000000
0000000000000000
0000000000000000
0000000000000000
0000000000000000
0000000000000000
0000000000000000
0000000000000000
0000000000000000
0000000000000000
0000000000000000
0000000000000000
0000000000000000
0000000000000000
0000000000000000
0000000000000000
0000000000000000
0000000000000000
0000000000000000
0000000000000000
0000000000000000
0000000000000000
0000000000000000
0000000000000000
0000000000000000
0000000000000000
0000000000000000
0000000000000000
0000000000000000
0000000000000000
0000000000000000
0000000000000000
0000000000000000
0000000000000000
0000000000000000
0000000000000000
0000000000000000
0000000000000000
0000000000000000
0000000000000000
0000000000000000
0000000000000000
0000000000000000
0000000000000000
0000000000000000
0000000000000000
0000000000000000
0000000000000000
0000000000000000
0000000000000000
0000000000000000
0000000000000000
0000000000000000
0000000000000000
0000000000000000
0000000000000000
0000000000000000
0000000000000000
0000000000000000
0000000000000000
0000000000000000
0000000000000000
0000000000000000
0000000000000000
0000000000000000
0000000000000000
0000000000000000
0000000000000000
0000000000000000
0000000000000000
0000000000000000
0000000000000000
0000000000000000
0000000000000000
0000000000000000
0000000000000000
0000000000000000
0000000000000000
0000000000000000
0000000000000000
0000000000000000
0000000000000000
0000000000000000
0000000000000000
0000000000000000
0000000000000000
0000000000000000
0000000000000000
0000000000000000
0000000000000000
0000000000000000
0000000000000000
0000000000000000
0000000000000000
0000000000000000
0000000000000000
0000000000000000
0000000000000000
0000000000000000
0000000000000000
0000000000000000
0000000000000000
0000000000000000
0000000000000000
0000000000000000
0000000000000000
0000000000000000
0000000000000000
0000000000000000
0000000000000000
0000000000000000
0000000000000000
0000000000000000
0000000000000000
0000000000000000
0000000000000000
0000000000000000
0000000000000000
0000000000000000
0000000000000000
0000000000000000
0000000000000000
0000000000000000
0000000000000000
0000000000000000
0000000000000000
0000000000000000
0000000000000000
0000000000000000
0000000000000000
0000000000000000
0000000000000000
0000000000000000
0000000000000000
0000000000000000
0000000000000000
0000000000000000
0000000000000000
0000000000000000
0000000000000000
0000000000000000
0000000000000000
0000000000000000
0000000000000000
0000000000000000
0000000000000000
0000000000000000
0000000000000000
0000000000000000
0000000000000000
0000000000000000
0000000000000000
0000000000000000
0000000000000000
0000000000000000
0000000000000000
0000000000000000
0000000000000000
0000000000000000
0000000000000000
0000000000000000
0000000000000000
0000000000000000
0000000000000000
0000000000000000
0000000000000000
0000000000000000
0000000000000000
0000000000000000
0000000000000000
0000000000000000
0000000000000000
0000000000000000
0000000000000000
0000000000000000
0000000000000000
0000000000000000
0000000000000000
0000000000000000
0000000000000000
0000000000000000
0000000000000000
0000000000000000
0000000000000000
0000000000000000
0000000000000000
0000000000000000
0000000000000000
0000000000000000
0000000000000000
0000000000000000
0000000000000000
0000000000000000
0000000000000000
0000000000000000
0000000000000000
0000000000000000
0000000000000000
0000000000000000
0000000000000000
