@000000008024d000
181a1a1a1a1a1a1a
1a1a1a1a1a1a1a1a
181a1a1a1a1a1a1a
1a1a1a181a1a1a1a
181a1a181a1a1a1a
1a1a1a1a1a1a1a1a
1a1a1a1a1a1a1a1a
181a1a1a1a1a1a1a
1a181a1a1a1a1a1a
1a1a1a1a1a1a1a1a
1a1a1a1a1a1a1a1a
1a181a1a1a1a1a1a
1a1a181a1a1a1a1a
1a1a1a1a1a1a1a1a
1a1a1a181a1a1a1a
1a1a1a1a1a1a1a18
1a181a1a1a1a1a1a
1a1a1a1a1a1a1a18
1a1a1a1a1a1a1a1a
1a1a1a1a1a1a181a
181a181a1a1a1a1a
1a1a1a1a1a1a1a1a
1a1a1a1a181a181a
1a1a1a1a1a1a1a1a
1a1a1a1a1a1a181a
1818181a181a1a1a
1a1a1a1a1a1a1a1a
1a1a1a1a181a1a1a
1a1a1a18181a1a1a
1a1a1a1a1a1a1a1a
1a1a1a1a1a1a1818
1a181a1a1a181a1a
10141a181a1a1a1a
10141a1a1a1a1a1a
10141a18181a181a
10141a1a1a1a181a
10141a1a1a1a1a1a
10141a1a1a1a1a1a
1014181a1a1a1a1a
10141a1a1a1a1a18
0000000000000000
0000000000000000
0000000000000000
0000000000000000
0000000000000000
0000000000000000
0000000000000000
0000000000000000
1014181a1a1a1a18
10141a1a1a1a1a1a
10141a1a1a1a181a
10141a1a1a1a181a
10141a1a1a1a1a1a
10141a181a1a1a18
10141a1a1a1a1a1a
10141a1a181a1a1a
0000000000000000
0000000000000000
0000000000000000
0000000000000000
0000000000000000
0000000000000000
0000000000000000
0000000000000000
0000000000000000
0000000000000000
0000000000000000
0000000000000000
0000000000000000
0000000000000000
0000000000000000
0000000000000000
0000000000000000
0000000000000000
0000000000000000
0000000000000000
0000000000000000
0000000000000000
0000000000000000
0000000000000000
0000000000000000
0000000000000000
0000000000000000
0000000000000000
0000000000000000
0000000000000000
0000000000000000
0000000000000000
0000000000000000
0000000000000000
0000000000000000
0000000000000000
0000000000000000
0000000000000000
0000000000000000
0000000000000000
0000000000000000
0000000000000000
0000000000000000
0000000000000000
0000000000000000
0000000000000000
0000000000000000
0000000000000000
0000000000000000
0000000000000000
0000000000000000
0000000000000000
0000000000000000
0000000000000000
0000000000000000
0000000000000000
0000000000000000
0000000000000000
0000000000000000
0000000000000000
0000000000000000
0000000000000000
0000000000000000
0000000000000000
0000000000000000
0000000000000000
0000000000000000
0000000000000000
0000000000000000
0000000000000000
0000000000000000
0000000000000000
181a1a1a181a1a18
181a1a1a1a181a1a
1a1a1a1a1a1a1a1a
1a181a1a1a1a181a
1a1a1a1a1a1a1a1a
1a1a181a1a181a1a
181a1a1a1a1a1a1a
1a1a1a1a1a1a1818
1a1a1a1a1a1a1a18
1a1a1a1a1a1a1a1a
1a1a181a1a1a1a1a
181a1a1a1a1a1a1a
181a1a1a1a181a1a
1a1a1a1a1a181a1a
1a181a1a1a1a1a1a
1a1a1a1a181a1a1a
1a1a1a181a1a1a1a
1a181a181a1a1a1a
1a1a1a1a1a18181a
1a1a1a181a1a1a18
181a1a1a18181a1a
1a1a1a1a18181a1a
1a1a1a181a1a1a1a
1a1a1a1a1a1a1a1a
1a1a1a181a1a1a1a
1a1a1a181a1a1818
1a1a1a1a181a1a1a
1a1a181a1a1a1a1a
1a1a1a1a1a1a1a1a
1a181a1a1a1a1a1a
1a1a1a1a1a1a1a1a
1a1a1a1a1a181a1a
10141a181a1a1a1a
10141a1a1a1a181a
10141a1a1a1a1a18
1014181a1a1a1a1a
10141a1a1a1a1a1a
10141a1a1a1a1a1a
10141a1a1a181a1a
10141a1a181a1a18
0000000000000000
0000000000000000
0000000000000000
0000000000000000
0000000000000000
0000000000000000
0000000000000000
0000000000000000
10141a181a1a1a1a
1014181a1a181a1a
10141a1a18181a1a
1014181a1a1a1a1a
10141a1a1a1a1a1a
10141a181a1a1a1a
10141a1a1a1a181a
10141a1a1a1a1a1a
0000000000000000
0000000000000000
0000000000000000
0000000000000000
0000000000000000
0000000000000000
0000000000000000
0000000000000000
0000000000000000
0000000000000000
0000000000000000
0000000000000000
0000000000000000
0000000000000000
0000000000000000
0000000000000000
0000000000000000
0000000000000000
0000000000000000
0000000000000000
0000000000000000
0000000000000000
0000000000000000
0000000000000000
0000000000000000
0000000000000000
0000000000000000
0000000000000000
0000000000000000
0000000000000000
0000000000000000
0000000000000000
0000000000000000
0000000000000000
0000000000000000
0000000000000000
0000000000000000
0000000000000000
0000000000000000
0000000000000000
0000000000000000
0000000000000000
0000000000000000
0000000000000000
0000000000000000
0000000000000000
0000000000000000
0000000000000000
0000000000000000
0000000000000000
0000000000000000
0000000000000000
0000000000000000
0000000000000000
0000000000000000
0000000000000000
0000000000000000
0000000000000000
0000000000000000
0000000000000000
0000000000000000
0000000000000000
0000000000000000
0000000000000000
0000000000000000
0000000000000000
0000000000000000
0000000000000000
0000000000000000
0000000000000000
0000000000000000
0000000000000000
1a1a1a1a1a1a1a18
1a1a1a1a181a1a1a
1a181a1a1a1a1a1a
1a1a1a1a181a1a1a
1a18181a1a1a1a1a
1a1a1a1a1a1a1a1a
1a1a1a1a181a1a1a
1a1a1a1a1a1a1a1a
181a1a1a1a1a1a1a
1a1a1a1a1a1a1a1a
1a1a1a181a1a1a18
1a181a1a1a1a1a1a
181a1a1a181a1a1a
1a181a1a1a1a1a1a
1a1a1a1a1a1a1a1a
1a1a1a1a181a1a1a
1a1a1a181a181a1a
1a1a1a1a1a1a1a1a
1a181a1a1a1a1a1a
1a1a1a1a1a1a1a1a
1a1a181a1a1a1a1a
1a1a1a1a1a1a1a1a
1a1a1a1a1a1a1a1a
1a1a1a1a1a1a1a1a
1a1a1a181a1a1a1a
181a1a1a1a181a18
1a1a1a1a1a1a1a1a
181a1a1a1a181a1a
1a1a1a1a181a1a1a
1a1a1a1a1a1a1a1a
1a1a181a1a1a1a1a
1a1a181a1a181a1a
10141a181a1a1a1a
10141a181a18181a
10141a1a1a1a1a18
10141a1a1a1a1a1a
10141a1a1a1a1a1a
10141a1a1a1a181a
10141a1a1a1a1a18
10141a1a1a1a1a1a
0000000000000000
0000000000000000
0000000000000000
0000000000000000
0000000000000000
0000000000000000
0000000000000000
0000000000000000
10141a1a1a1a1a1a
1014181a1a1a1a1a
10141a18181a1a1a
10141a1a1a1a1a18
10141a1a1a1a1a1a
10141a1a1a1a1a1a
10141818181a1a1a
10141a1a1a1a1a1a
0000000000000000
0000000000000000
0000000000000000
0000000000000000
0000000000000000
0000000000000000
0000000000000000
0000000000000000
0000000000000000
0000000000000000
0000000000000000
0000000000000000
0000000000000000
0000000000000000
0000000000000000
0000000000000000
0000000000000000
0000000000000000
0000000000000000
0000000000000000
0000000000000000
0000000000000000
0000000000000000
0000000000000000
0000000000000000
0000000000000000
0000000000000000
0000000000000000
0000000000000000
0000000000000000
0000000000000000
0000000000000000
0000000000000000
0000000000000000
0000000000000000
0000000000000000
0000000000000000
0000000000000000
0000000000000000
0000000000000000
0000000000000000
0000000000000000
0000000000000000
0000000000000000
0000000000000000
0000000000000000
0000000000000000
0000000000000000
0000000000000000
0000000000000000
0000000000000000
0000000000000000
0000000000000000
0000000000000000
0000000000000000
0000000000000000
0000000000000000
0000000000000000
0000000000000000
0000000000000000
0000000000000000
0000000000000000
0000000000000000
0000000000000000
0000000000000000
0000000000000000
0000000000000000
0000000000000000
0000000000000000
0000000000000000
0000000000000000
0000000000000000
1818181818181818
1010101010101010
1010101010101010
1010101010101010
1010101010101010
1010101010101010
1010101010101010
1010101010101010
1818181818181818
1010101010101010
1010101010101010
1010101010101010
1010101010101010
1010101010101010
1010101010101010
1010101010101010
1010101010101010
1010101010101010
1010101010101010
1010101010101010
1010101010101010
1010101010101010
1010101010101010
1010101010101010
1010101010101010
1010101010101010
1010101010101010
1010101010101010
1010101010101010
1010101010101010
1010101010101010
1010101010101010
1014181818181818
1010101010101010
1010101010101010
1010101010101010
1010101010101010
1010101010101010
1010101010101010
1010101010101010
0000000000000000
0000000000000000
0000000000000000
0000000000000000
0000000000000000
0000000000000000
0000000000000000
0000000000000000
1010101010101010
1010101010101010
1010101010101010
1010101010101010
1010101010101010
1010101010101010
1010101010101010
1010101010101010
0000000000000000
0000000000000000
0000000000000000
0000000000000000
0000000000000000
0000000000000000
0000000000000000
0000000000000000
0000000000000000
0000000000000000
0000000000000000
0000000000000000
0000000000000000
0000000000000000
0000000000000000
0000000000000000
0000000000000000
0000000000000000
0000000000000000
0000000000000000
0000000000000000
0000000000000000
0000000000000000
0000000000000000
0000000000000000
0000000000000000
0000000000000000
0000000000000000
0000000000000000
0000000000000000
0000000000000000
0000000000000000
0000000000000000
0000000000000000
0000000000000000
0000000000000000
0000000000000000
0000000000000000
0000000000000000
0000000000000000
0000000000000000
0000000000000000
0000000000000000
0000000000000000
0000000000000000
0000000000000000
0000000000000000
0000000000000000
0000000000000000
0000000000000000
0000000000000000
0000000000000000
0000000000000000
0000000000000000
0000000000000000
0000000000000000
0000000000000000
0000000000000000
0000000000000000
0000000000000000
0000000000000000
0000000000000000
0000000000000000
0000000000000000
0000000000000000
0000000000000000
0000000000000000
0000000000000000
0000000000000000
0000000000000000
0000000000000000
0000000000000000
1010101010101010
1010101010101010
1010101010101010
1010101010101010
1010101010101010
1010101010101010
1010101010101010
1010101010101010
1010101010101010
1010101010101010
1010101010101010
1010101010101010
1010101010101010
1010101010101010
1010101010101010
1010101010101010
1010101010101010
1010101010101010
1010101010101010
1010101010101010
1010101010101010
1010101010101010
1010101010101010
1010101010101010
1010101010101010
1010101010101010
1010101010101010
1010101010101010
1010101010101010
1010101010101010
1010101010101010
1010101010101010
1010101010101010
1010101010101010
1010101010101010
1010101010101010
1010101010101010
1010101010101010
1010101010101010
1010101010101010
0000000000000000
0000000000000000
0000000000000000
0000000000000000
0000000000000000
0000000000000000
0000000000000000
0000000000000000
1010101010101010
1010101010101010
1010101010101010
1010101010101010
1010101010101010
1010101010101010
1010101010101010
1010101010101010
0000000000000000
0000000000000000
0000000000000000
0000000000000000
0000000000000000
0000000000000000
0000000000000000
0000000000000000
0000000000000000
0000000000000000
0000000000000000
0000000000000000
0000000000000000
0000000000000000
0000000000000000
0000000000000000
0000000000000000
0000000000000000
0000000000000000
0000000000000000
0000000000000000
0000000000000000
0000000000000000
0000000000000000
0000000000000000
0000000000000000
0000000000000000
0000000000000000
0000000000000000
0000000000000000
0000000000000000
0000000000000000
0000000000000000
0000000000000000
0000000000000000
0000000000000000
0000000000000000
0000000000000000
0000000000000000
0000000000000000
0000000000000000
0000000000000000
0000000000000000
0000000000000000
0000000000000000
0000000000000000
0000000000000000
0000000000000000
0000000000000000
0000000000000000
0000000000000000
0000000000000000
0000000000000000
0000000000000000
0000000000000000
0000000000000000
0000000000000000
0000000000000000
0000000000000000
0000000000000000
0000000000000000
0000000000000000
0000000000000000
0000000000000000
0000000000000000
0000000000000000
0000000000000000
0000000000000000
0000000000000000
0000000000000000
0000000000000000
0000000000000000
1010101010101010
1010101010101010
1010101010101010
1010101010101010
1010101010101010
1010101010101010
1010101010101010
1010101010101010
1010101010101010
1010101010101010
1010101010101010
1010101010101010
1010101010101010
1010101010101010
1010101010101010
1010101010101010
1010101010101010
1010101010101010
1010101010101010
1010101010101010
1010101010101010
1010101010101010
1010101010101010
1010101010101010
1010101010101010
1010101010101010
1010101010101010
1010101010101010
1010101010101010
1010101010101010
1010101010101010
1010101010101010
1010101010101010
1010101010101010
1010101010101010
1010101010101010
1010101010101010
1010101010101010
1010101010101010
1010101010101010
0000000000000000
0000000000000000
0000000000000000
0000000000000000
0000000000000000
0000000000000000
0000000000000000
0000000000000000
1010101010101010
1010101010101010
1010101010101010
1010101010101010
1010101010101010
1010101010101010
1010101010101010
1010101010101010
0000000000000000
0000000000000000
0000000000000000
0000000000000000
0000000000000000
0000000000000000
0000000000000000
0000000000000000
0000000000000000
0000000000000000
0000000000000000
0000000000000000
0000000000000000
0000000000000000
0000000000000000
0000000000000000
0000000000000000
0000000000000000
0000000000000000
0000000000000000
0000000000000000
0000000000000000
0000000000000000
0000000000000000
0000000000000000
0000000000000000
0000000000000000
0000000000000000
0000000000000000
0000000000000000
0000000000000000
0000000000000000
0000000000000000
0000000000000000
0000000000000000
0000000000000000
0000000000000000
0000000000000000
0000000000000000
0000000000000000
0000000000000000
0000000000000000
0000000000000000
0000000000000000
0000000000000000
0000000000000000
0000000000000000
0000000000000000
0000000000000000
0000000000000000
0000000000000000
0000000000000000
0000000000000000
0000000000000000
0000000000000000
0000000000000000
0000000000000000
0000000000000000
0000000000000000
0000000000000000
0000000000000000
0000000000000000
0000000000000000
0000000000000000
0000000000000000
0000000000000000
0000000000000000
0000000000000000
0000000000000000
0000000000000000
0000000000000000
0000000000000000
1212121212121212
1010101010101010
1010101010101010
1010101010101010
1010101010101010
1010101010101010
1010101010101010
1010101010101010
1212121212121212
1010101010101010
1010101010101010
1010101010101010
1010101010101010
1010101010101010
1010101010101010
1010101010101010
1010101010101010
1010101010101010
1010101010101010
1010101010101010
1010101010101010
1010101010101010
1010101010101010
1010101010101010
1010101010101010
1010101010101010
1010101010101010
1010101010101010
1010101010101010
1010101010101010
1010101010101010
1010101010101010
1010121212121212
1010101010101010
1010101010101010
1010101010101010
1010101010101010
1010101010101010
1010101010101010
1010101010101010
0000000000000000
0000000000000000
0000000000000000
0000000000000000
0000000000000000
0000000000000000
0000000000000000
0000000000000000
1010101010101010
1010101010101010
1010101010101010
1010101010101010
1010101010101010
1010101010101010
1010101010101010
1010101010101010
0000000000000000
0000000000000000
0000000000000000
0000000000000000
0000000000000000
0000000000000000
0000000000000000
0000000000000000
0000000000000000
0000000000000000
0000000000000000
0000000000000000
0000000000000000
0000000000000000
0000000000000000
0000000000000000
0000000000000000
0000000000000000
0000000000000000
0000000000000000
0000000000000000
0000000000000000
0000000000000000
0000000000000000
0000000000000000
0000000000000000
0000000000000000
0000000000000000
0000000000000000
0000000000000000
0000000000000000
0000000000000000
0000000000000000
0000000000000000
0000000000000000
0000000000000000
0000000000000000
0000000000000000
0000000000000000
0000000000000000
0000000000000000
0000000000000000
0000000000000000
0000000000000000
0000000000000000
0000000000000000
0000000000000000
0000000000000000
0000000000000000
0000000000000000
0000000000000000
0000000000000000
0000000000000000
0000000000000000
0000000000000000
0000000000000000
0000000000000000
0000000000000000
0000000000000000
0000000000000000
0000000000000000
0000000000000000
0000000000000000
0000000000000000
0000000000000000
0000000000000000
0000000000000000
0000000000000000
0000000000000000
0000000000000000
0000000000000000
0000000000000000
1010101010101010
1010101010101010
1010101010101010
1010101010101010
1010101010101010
1010101010101010
1010101010101010
1010101010101010
1010101010101010
1010101010101010
1010101010101010
1010101010101010
1010101010101010
1010101010101010
1010101010101010
1010101010101010
1010101010101010
1010101010101010
1010101010101010
1010101010101010
1010101010101010
1010101010101010
1010101010101010
1010101010101010
1010101010101010
1010101010101010
1010101010101010
1010101010101010
1010101010101010
1010101010101010
1010101010101010
1010101010101010
1010101010101010
1010101010101010
1010101010101010
1010101010101010
1010101010101010
1010101010101010
1010101010101010
1010101010101010
0000000000000000
0000000000000000
0000000000000000
0000000000000000
0000000000000000
0000000000000000
0000000000000000
0000000000000000
1010101010101010
1010101010101010
1010101010101010
1010101010101010
1010101010101010
1010101010101010
1010101010101010
1010101010101010
0000000000000000
0000000000000000
0000000000000000
0000000000000000
0000000000000000
0000000000000000
0000000000000000
0000000000000000
0000000000000000
0000000000000000
0000000000000000
0000000000000000
0000000000000000
0000000000000000
0000000000000000
0000000000000000
0000000000000000
0000000000000000
0000000000000000
0000000000000000
0000000000000000
0000000000000000
0000000000000000
0000000000000000
0000000000000000
0000000000000000
0000000000000000
0000000000000000
0000000000000000
0000000000000000
0000000000000000
0000000000000000
0000000000000000
0000000000000000
0000000000000000
0000000000000000
0000000000000000
0000000000000000
0000000000000000
0000000000000000
0000000000000000
0000000000000000
0000000000000000
0000000000000000
0000000000000000
0000000000000000
0000000000000000
0000000000000000
0000000000000000
0000000000000000
0000000000000000
0000000000000000
0000000000000000
0000000000000000
0000000000000000
0000000000000000
0000000000000000
0000000000000000
0000000000000000
0000000000000000
0000000000000000
0000000000000000
0000000000000000
0000000000000000
0000000000000000
0000000000000000
0000000000000000
0000000000000000
0000000000000000
0000000000000000
0000000000000000
0000000000000000
1010101010101010
1010101010101010
1010101010101010
1010101010101010
1010101010101010
1010101010101010
1010101010101010
1010101010101010
1010101010101010
1010101010101010
1010101010101010
1010101010101010
1010101010101010
1010101010101010
1010101010101010
1010101010101010
1010101010101010
1010101010101010
1010101010101010
1010101010101010
1010101010101010
1010101010101010
1010101010101010
1010101010101010
1010101010101010
1010101010101010
1010101010101010
1010101010101010
1010101010101010
1010101010101010
1010101010101010
1010101010101010
1010101010101010
1010101010101010
1010101010101010
1010101010101010
1010101010101010
1010101010101010
1010101010101010
1010101010101010
0000000000000000
0000000000000000
0000000000000000
0000000000000000
0000000000000000
0000000000000000
0000000000000000
0000000000000000
1010101010101010
1010101010101010
1010101010101010
1010101010101010
1010101010101010
1010101010101010
1010101010101010
1010101010101010
0000000000000000
0000000000000000
0000000000000000
0000000000000000
0000000000000000
0000000000000000
0000000000000000
0000000000000000
0000000000000000
0000000000000000
0000000000000000
0000000000000000
0000000000000000
0000000000000000
0000000000000000
0000000000000000
0000000000000000
0000000000000000
0000000000000000
0000000000000000
0000000000000000
0000000000000000
0000000000000000
0000000000000000
0000000000000000
0000000000000000
0000000000000000
0000000000000000
0000000000000000
0000000000000000
0000000000000000
0000000000000000
0000000000000000
0000000000000000
0000000000000000
0000000000000000
0000000000000000
0000000000000000
0000000000000000
0000000000000000
0000000000000000
0000000000000000
0000000000000000
0000000000000000
0000000000000000
0000000000000000
0000000000000000
0000000000000000
0000000000000000
0000000000000000
0000000000000000
0000000000000000
0000000000000000
0000000000000000
0000000000000000
0000000000000000
0000000000000000
0000000000000000
0000000000000000
0000000000000000
0000000000000000
0000000000000000
0000000000000000
0000000000000000
0000000000000000
0000000000000000
0000000000000000
0000000000000000
0000000000000000
0000000000000000
0000000000000000
0000000000000000
1010101010101010
1212121212121212
1012121010101212
1012121010101212
1012121010101212
1012121010101212
1012121010101212
1012121010101212
1010101010101010
1212121214121212
1010101212121210
1010101212121210
1010101212121210
1010101212121210
1010101212121210
1010101212121210
1012121010101212
1012121010101212
1012121010101212
1012121010101212
1012121010101212
1012121010101212
1012121010101212
1012121010101212
1010101212121210
1010101212121210
1010101212121210
1010101212121210
1010101212121210
1010101212121210
1010101212121210
1010101212121210
1010101010101010
1010121212121212
1010121010101012
1010121010101012
1010121010101012
1010121010101012
1010121010101012
1010121010101012
0000000000000000
0000000000000000
0000000000000000
0000000000000000
0000000000000000
0000000000000000
0000000000000000
0000000000000000
1010121010101012
1010121010101012
1010121010101012
1010121010101012
1010121010101012
1010121010101012
1010121010101012
1010121010101012
0000000000000000
0000000000000000
0000000000000000
0000000000000000
0000000000000000
0000000000000000
0000000000000000
0000000000000000
0000000000000000
0000000000000000
0000000000000000
0000000000000000
0000000000000000
0000000000000000
0000000000000000
0000000000000000
0000000000000000
0000000000000000
0000000000000000
0000000000000000
0000000000000000
0000000000000000
0000000000000000
0000000000000000
0000000000000000
0000000000000000
0000000000000000
0000000000000000
0000000000000000
0000000000000000
0000000000000000
0000000000000000
0000000000000000
0000000000000000
0000000000000000
0000000000000000
0000000000000000
0000000000000000
0000000000000000
0000000000000000
0000000000000000
0000000000000000
0000000000000000
0000000000000000
0000000000000000
0000000000000000
0000000000000000
0000000000000000
0000000000000000
0000000000000000
0000000000000000
0000000000000000
0000000000000000
0000000000000000
0000000000000000
0000000000000000
0000000000000000
0000000000000000
0000000000000000
0000000000000000
0000000000000000
0000000000000000
0000000000000000
0000000000000000
0000000000000000
0000000000000000
0000000000000000
0000000000000000
0000000000000000
0000000000000000
0000000000000000
0000000000000000
1012121010101212
1012121010101212
1012121010101212
1012121010101212
1012121010101212
1012121010101212
1012121010101212
1012121010101212
1010101212121210
1010101212121210
1010101212121210
1010101212121210
1010101212121210
1010101212121210
1010101212121210
1010101212121210
1012121010101212
1012121010101212
1012121010101212
1012121010101212
1012121010101212
1012121010101212
1012121010101212
1012121010101212
1010101212121210
1010101212121210
1010101212121210
1010101212121210
1010101212121210
1010101212121210
1010101212121210
1010101212121210
1010121010101012
1010121010101012
1010121010101012
1010121010101012
1010121010101012
1010121010101012
1010121010101012
1010121010101012
0000000000000000
0000000000000000
0000000000000000
0000000000000000
0000000000000000
0000000000000000
0000000000000000
0000000000000000
1010121010101012
1010121010101012
1010121010101012
1010121010101012
1010121010101012
1010121010101012
1010121010101012
1010121010101012
0000000000000000
0000000000000000
0000000000000000
0000000000000000
0000000000000000
0000000000000000
0000000000000000
0000000000000000
0000000000000000
0000000000000000
0000000000000000
0000000000000000
0000000000000000
0000000000000000
0000000000000000
0000000000000000
0000000000000000
0000000000000000
0000000000000000
0000000000000000
0000000000000000
0000000000000000
0000000000000000
0000000000000000
0000000000000000
0000000000000000
0000000000000000
0000000000000000
0000000000000000
0000000000000000
0000000000000000
0000000000000000
0000000000000000
0000000000000000
0000000000000000
0000000000000000
0000000000000000
0000000000000000
0000000000000000
0000000000000000
0000000000000000
0000000000000000
0000000000000000
0000000000000000
0000000000000000
0000000000000000
0000000000000000
0000000000000000
0000000000000000
0000000000000000
0000000000000000
0000000000000000
0000000000000000
0000000000000000
0000000000000000
0000000000000000
0000000000000000
0000000000000000
0000000000000000
0000000000000000
0000000000000000
0000000000000000
0000000000000000
0000000000000000
0000000000000000
0000000000000000
0000000000000000
0000000000000000
0000000000000000
0000000000000000
0000000000000000
0000000000000000
1012121010101212
1012121010101212
1012121010101212
1012121010101212
1012121010101212
1012121010101212
1012121010101212
1012121010101212
1010101212121210
1010101212121210
1010101212121210
1010101212121210
1010101212121210
1010101212121210
1010101212121210
1010101212121210
1012121010101212
1012121010101212
1012121010101212
1012121010101212
1012121010101212
1012121010101212
1012121010101212
1012121010101212
1010101212121210
1010101212121210
1010101212121210
1010101212121210
1010101212121210
1010101212121210
1010101212121210
1010101212121210
1010121010101012
1010121010101012
1010121010101012
1010121010101012
1010121010101012
1010121010101012
1010121010101012
1010121010101012
0000000000000000
0000000000000000
0000000000000000
0000000000000000
0000000000000000
0000000000000000
0000000000000000
0000000000000000
1010121010101012
1010121010101012
1010121010101012
1010121010101012
1010121010101012
1010121010101012
1010121010101012
1010121010101012
0000000000000000
0000000000000000
0000000000000000
0000000000000000
0000000000000000
0000000000000000
0000000000000000
0000000000000000
0000000000000000
0000000000000000
0000000000000000
0000000000000000
0000000000000000
0000000000000000
0000000000000000
0000000000000000
0000000000000000
0000000000000000
0000000000000000
0000000000000000
0000000000000000
0000000000000000
0000000000000000
0000000000000000
0000000000000000
0000000000000000
0000000000000000
0000000000000000
0000000000000000
0000000000000000
0000000000000000
0000000000000000
0000000000000000
0000000000000000
0000000000000000
0000000000000000
0000000000000000
0000000000000000
0000000000000000
0000000000000000
0000000000000000
0000000000000000
0000000000000000
0000000000000000
0000000000000000
0000000000000000
0000000000000000
0000000000000000
0000000000000000
0000000000000000
0000000000000000
0000000000000000
0000000000000000
0000000000000000
0000000000000000
0000000000000000
0000000000000000
0000000000000000
0000000000000000
0000000000000000
0000000000000000
0000000000000000
0000000000000000
0000000000000000
0000000000000000
0000000000000000
0000000000000000
0000000000000000
0000000000000000
0000000000000000
0000000000000000
0000000000000000
1012121010101212
1212141212121414
0000000000000000
0000000000000000
0000000000000000
0000000000000000
0000000000000000
0000000000000000
1010101212121210
1214121414141412
0000000000000000
0000000000000000
0000000000000000
0000000000000000
0000000000000000
0000000000000000
0000000000000000
0000000000000000
0000000000000000
0000000000000000
0000000000000000
0000000000000000
0000000000000000
0000000000000000
0000000000000000
0000000000000000
0000000000000000
0000000000000000
0000000000000000
0000000000000000
0000000000000000
0000000000000000
1010121010101012
1012141212121214
0000000000000000
0000000000000000
0000000000000000
0000000000000000
0000000000000000
0000000000000000
0000000000000000
0000000000000000
0000000000000000
0000000000000000
0000000000000000
0000000000000000
0000000000000000
0000000000000000
0000000000000000
0000000000000000
0000000000000000
0000000000000000
0000000000000000
0000000000000000
0000000000000000
0000000000000000
0000000000000000
0000000000000000
0000000000000000
0000000000000000
0000000000000000
0000000000000000
0000000000000000
0000000000000000
0000000000000000
0000000000000000
0000000000000000
0000000000000000
0000000000000000
0000000000000000
0000000000000000
0000000000000000
0000000000000000
0000000000000000
0000000000000000
0000000000000000
0000000000000000
0000000000000000
0000000000000000
0000000000000000
0000000000000000
0000000000000000
0000000000000000
0000000000000000
0000000000000000
0000000000000000
0000000000000000
0000000000000000
0000000000000000
0000000000000000
0000000000000000
0000000000000000
0000000000000000
0000000000000000
0000000000000000
0000000000000000
0000000000000000
0000000000000000
0000000000000000
0000000000000000
0000000000000000
0000000000000000
0000000000000000
0000000000000000
0000000000000000
0000000000000000
0000000000000000
0000000000000000
0000000000000000
0000000000000000
0000000000000000
0000000000000000
0000000000000000
0000000000000000
0000000000000000
0000000000000000
0000000000000000
0000000000000000
0000000000000000
0000000000000000
0000000000000000
0000000000000000
0000000000000000
0000000000000000
0000000000000000
0000000000000000
0000000000000000
0000000000000000
0000000000000000
0000000000000000
0000000000000000
0000000000000000
0000000000000000
0000000000000000
0000000000000000
0000000000000000
0000000000000000
0000000000000000
0000000000000000
0000000000000000
0000000000000000
0000000000000000
0000000000000000
0000000000000000
0000000000000000
0000000000000000
0000000000000000
0000000000000000
0000000000000000
0000000000000000
0000000000000000
0000000000000000
0000000000000000
0000000000000000
0000000000000000
0000000000000000
0000000000000000
0000000000000000
0000000000000000
0000000000000000
0000000000000000
0000000000000000
0000000000000000
0000000000000000
0000000000000000
0000000000000000
0000000000000000
0000000000000000
0000000000000000
0000000000000000
0000000000000000
0000000000000000
0000000000000000
0000000000000000
0000000000000000
0000000000000000
0000000000000000
0000000000000000
0000000000000000
0000000000000000
0000000000000000
0000000000000000
0000000000000000
0000000000000000
0000000000000000
0000000000000000
0000000000000000
0000000000000000
0000000000000000
0000000000000000
0000000000000000
0000000000000000
0000000000000000
0000000000000000
0000000000000000
0000000000000000
0000000000000000
0000000000000000
0000000000000000
0000000000000000
0000000000000000
0000000000000000
0000000000000000
0000000000000000
0000000000000000
0000000000000000
0000000000000000
0000000000000000
0000000000000000
0000000000000000
0000000000000000
0000000000000000
0000000000000000
0000000000000000
0000000000000000
0000000000000000
0000000000000000
0000000000000000
0000000000000000
0000000000000000
0000000000000000
0000000000000000
0000000000000000
0000000000000000
0000000000000000
0000000000000000
0000000000000000
0000000000000000
0000000000000000
0000000000000000
0000000000000000
0000000000000000
0000000000000000
0000000000000000
0000000000000000
0000000000000000
0000000000000000
0000000000000000
0000000000000000
0000000000000000
0000000000000000
0000000000000000
0000000000000000
0000000000000000
0000000000000000
0000000000000000
0000000000000000
0000000000000000
0000000000000000
0000000000000000
0000000000000000
0000000000000000
0000000000000000
0000000000000000
0000000000000000
0000000000000000
0000000000000000
0000000000000000
0000000000000000
0000000000000000
0000000000000000
0000000000000000
0000000000000000
0000000000000000
0000000000000000
0000000000000000
0000000000000000
0000000000000000
0000000000000000
0000000000000000
0000000000000000
0000000000000000
0000000000000000
0000000000000000
0000000000000000
0000000000000000
0000000000000000
0000000000000000
0000000000000000
0000000000000000
0000000000000000
0000000000000000
0000000000000000
0000000000000000
0000000000000000
0000000000000000
0000000000000000
0000000000000000
0000000000000000
0000000000000000
0000000000000000
0000000000000000
0000000000000000
0000000000000000
0000000000000000
0000000000000000
0000000000000000
0000000000000000
0000000000000000
0000000000000000
0000000000000000
0000000000000000
0000000000000000
0000000000000000
0000000000000000
0000000000000000
0000000000000000
0000000000000000
0000000000000000
0000000000000000
0000000000000000
0000000000000000
0000000000000000
0000000000000000
0000000000000000
0000000000000000
0000000000000000
0000000000000000
0000000000000000
0000000000000000
0000000000000000
0000000000000000
0000000000000000
0000000000000000
0000000000000000
0000000000000000
0000000000000000
0000000000000000
0000000000000000
0000000000000000
0000000000000000
0000000000000000
0000000000000000
0000000000000000
0000000000000000
0000000000000000
0000000000000000
0000000000000000
0000000000000000
0000000000000000
0000000000000000
0000000000000000
0000000000000000
0000000000000000
0000000000000000
0000000000000000
0000000000000000
0000000000000000
0000000000000000
0000000000000000
0000000000000000
0000000000000000
0000000000000000
0000000000000000
0000000000000000
0000000000000000
0000000000000000
0000000000000000
0000000000000000
0000000000000000
0000000000000000
0000000000000000
0000000000000000
0000000000000000
0000000000000000
0000000000000000
0000000000000000
0000000000000000
0000000000000000
0000000000000000
0000000000000000
0000000000000000
0000000000000000
0000000000000000
0000000000000000
0000000000000000
0000000000000000
0000000000000000
0000000000000000
0000000000000000
0000000000000000
0000000000000000
0000000000000000
0000000000000000
0000000000000000
0000000000000000
0000000000000000
0000000000000000
0000000000000000
0000000000000000
0000000000000000
0000000000000000
0000000000000000
0000000000000000
0000000000000000
0000000000000000
0000000000000000
0000000000000000
0000000000000000
0000000000000000
0000000000000000
0000000000000000
0000000000000000
0000000000000000
0000000000000000
0000000000000000
0000000000000000
0000000000000000
0000000000000000
0000000000000000
0000000000000000
0000000000000000
0000000000000000
0000000000000000
0000000000000000
0000000000000000
0000000000000000
0000000000000000
0000000000000000
0000000000000000
0000000000000000
0000000000000000
0000000000000000
0000000000000000
0000000000000000
0000000000000000
0000000000000000
0000000000000000
0000000000000000
0000000000000000
0000000000000000
0000000000000000
0000000000000000
0000000000000000
0000000000000000
0000000000000000
0000000000000000
0000000000000000
0000000000000000
0000000000000000
0000000000000000
0000000000000000
0000000000000000
0000000000000000
0000000000000000
0000000000000000
0000000000000000
0000000000000000
0000000000000000
0000000000000000
0000000000000000
0000000000000000
0000000000000000
0000000000000000
0000000000000000
0000000000000000
0000000000000000
0000000000000000
0000000000000000
0000000000000000
0000000000000000
0000000000000000
0000000000000000
0000000000000000
0000000000000000
0000000000000000
0000000000000000
0000000000000000
0000000000000000
0000000000000000
0000000000000000
0000000000000000
0000000000000000
0000000000000000
0000000000000000
0000000000000000
0000000000000000
0000000000000000
0000000000000000
0000000000000000
0000000000000000
0000000000000000
0000000000000000
0000000000000000
0000000000000000
0000000000000000
0000000000000000
0000000000000000
0000000000000000
0000000000000000
0000000000000000
0000000000000000
0000000000000000
0000000000000000
0000000000000000
0000000000000000
0000000000000000
0000000000000000
0000000000000000
0000000000000000
0000000000000000
0000000000000000
0000000000000000
0000000000000000
0000000000000000
0000000000000000
0000000000000000
0000000000000000
0000000000000000
0000000000000000
0000000000000000
0000000000000000
