@00000000200ca000
1e1e1e1e1e1e1e1e
1e1e1e1e1e1e1e1e
1e1e1e1e1e1e1e1e
1e1e1e1e1e1e1e1e
1e1e1e1e1e1e1e1e
1e1e1e1e1e1e1e1e
1e1e1e1e1e1e1e1e
1e1e1e1e1e1e1e1e
1e1e1e1e1e1e1e1e
1e1e1e1e1e1e1e1e
1e1e1e1e1e1e1e1e
1e1e1e1e1e1e1e1e
1e1e1e1e1e1e1e1e
1e1e1e1e1e1e1e1e
1e1e1e1e1e1e1e1e
1e1e1e1e1e1e1e1e
1e1e1e1e1e1e1e1e
1e1e1e1e1e1e1e1e
1e1e1e1e1e1e1e1e
1e1e1e1e1e1e1e1e
1818181818181818
1010101010101010
1010101010101010
1010101010101010
1e1e1e1e1e1e1e1e
1e1e1e1e1e1e1e1e
1e1e1e1e1e1e1e1e
1e1e1e1e1e1e1e1e
1818181818181818
1010101010101010
1010101010101010
1010101010101010
1e1e1e1e1e1e1e1e
1e1e1e1e1e1e1e1e
1e1e1e1e1e1e1e1e
1e1e1e1e1e1e1e1e
1e1e1e1e1e1e1e1e
1e1e1e1e1e1e1e1e
1e1e1e1e1e1e1e1e
1e1e1e1e1e1e1e1e
0000001e1e1e1e1e
0000001e1e1e1e1e
0000001e1e1e1e1e
0000001e1e1e1e1e
0000001e1e1e1e1e
0000001e1e1e1e1e
0000001e1e1e1e1e
0000001e1e1e1e1e
1e1e1e1e1e1e1e1e
1e1e1e1e1e1e1e1e
1e1e1e1e1e1e1e1e
1e1e1e1e1e1e1e1e
1818181818181818
1010101010101010
1010101010101010
1010101010101010
0000001e1e1e1e1e
0000001e1e1e1e1e
0000001e1e1e1e1e
0000001e1e1e1e1e
0000001818181818
0000001010101010
0000001010101010
0000001010101010
0000000000000000
0000000000000000
0000000000000000
0000000000000000
0000000000000000
0000000000000000
0000000000000000
0000000000000000
0000000000000000
0000000000000000
0000000000000000
0000000000000000
0000000000000000
0000000000000000
0000000000000000
0000000000000000
0000000000000000
0000000000000000
0000000000000000
0000000000000000
0000000000000000
0000000000000000
0000000000000000
0000000000000000
0000000000000000
0000000000000000
0000000000000000
0000000000000000
0000000000000000
0000000000000000
0000000000000000
0000000000000000
0000000000000000
0000000000000000
0000000000000000
0000000000000000
0000000000000000
0000000000000000
0000000000000000
0000000000000000
0000000000000000
0000000000000000
0000000000000000
0000000000000000
0000000000000000
0000000000000000
0000000000000000
0000000000000000
0000000000000000
0000000000000000
0000000000000000
0000000000000000
0000000000000000
0000000000000000
0000000000000000
0000000000000000
0000000000000000
0000000000000000
0000000000000000
0000000000000000
0000000000000000
0000000000000000
0000000000000000
0000000000000000
1010101010101010
1010101010101010
1010101010101010
1010101010101010
1010101010101010
1010101010101010
1010101010101010
1010101010101010
1010101010101010
1010101010101010
1010101010101010
1010101010101010
1010101010101010
1010101010101010
1010101010101010
1010101010101010
1010101010101010
1010101010101010
1010101010101010
1010101010101010
1010101010101010
1010101010101010
1010101010101010
1010101010101010
1012101010101010
1012101010101010
1012101010101010
1012101010101010
1012101010101010
1012101010101010
1012101010101010
1012101010101010
1010101010101010
1010101010101010
1010101010101010
1010101010101010
1010101010101010
1010101010101010
1010101010101010
1010101010101010
0000001010101010
0000001010101010
0000001010101010
0000001010101010
0000001010101010
0000001010101010
0000001010101010
0000001010101010
1010101010101010
1010101010101010
1010101010101010
1010101010101010
1010101010101010
1010101010101010
1010101010101010
1010101010101010
0000001010101010
0000001010101010
0000001010101010
0000001010101010
0000001010101010
0000001010101010
0000001010101010
0000001010101010
0000000000000000
0000000000000000
0000000000000000
0000000000000000
0000000000000000
0000000000000000
0000000000000000
0000000000000000
0000000000000000
0000000000000000
0000000000000000
0000000000000000
0000000000000000
0000000000000000
0000000000000000
0000000000000000
0000000000000000
0000000000000000
0000000000000000
0000000000000000
0000000000000000
0000000000000000
0000000000000000
0000000000000000
0000000000000000
0000000000000000
0000000000000000
0000000000000000
0000000000000000
0000000000000000
0000000000000000
0000000000000000
0000000000000000
0000000000000000
0000000000000000
0000000000000000
0000000000000000
0000000000000000
0000000000000000
0000000000000000
0000000000000000
0000000000000000
0000000000000000
0000000000000000
0000000000000000
0000000000000000
0000000000000000
0000000000000000
0000000000000000
0000000000000000
0000000000000000
0000000000000000
0000000000000000
0000000000000000
0000000000000000
0000000000000000
0000000000000000
0000000000000000
0000000000000000
0000000000000000
0000000000000000
0000000000000000
0000000000000000
0000000000000000
1010101010101010
1010101010101010
1010101010101010
1010101010101010
1010101010101010
1212121212121212
1212101210121212
1212101210121212
1012101010101010
1012101010101010
1012101010101010
1012101010101010
1012101010101010
1214121212121212
1212121210101212
1212121210101212
1212101210121212
1212101210121212
1212101210121212
1212101210121212
1212101210121212
1212101210121212
1212101210121212
1212101210121212
1212121210101212
1212121210101212
1212121210101212
1212121210101212
1212121210101212
1212121210101212
1212121210101212
1212121210101212
1010101010101010
1010101010101010
1010101010101010
1010101010101010
1010101010101010
1212121212121212
1012121212101012
1012121212101012
0000001010101010
0000001010101010
0000001010101010
0000001010101010
0000001010101010
0000001212121212
0000001212121010
0000001212121010
1012121212101012
1012121212101012
1012121212101012
1012121212101012
1012121212101012
1012121212101012
1012121212101012
1012121212101012
0000001212121010
0000001212121010
0000001212121010
0000001212121010
0000001212121010
0000001212121010
0000001212121010
0000001212121010
0000000000000000
0000000000000000
0000000000000000
0000000000000000
0000000000000000
0000000000000000
0000000000000000
0000000000000000
0000000000000000
0000000000000000
0000000000000000
0000000000000000
0000000000000000
0000000000000000
0000000000000000
0000000000000000
0000000000000000
0000000000000000
0000000000000000
0000000000000000
0000000000000000
0000000000000000
0000000000000000
0000000000000000
0000000000000000
0000000000000000
0000000000000000
0000000000000000
0000000000000000
0000000000000000
0000000000000000
0000000000000000
0000000000000000
0000000000000000
0000000000000000
0000000000000000
0000000000000000
0000000000000000
0000000000000000
0000000000000000
0000000000000000
0000000000000000
0000000000000000
0000000000000000
0000000000000000
0000000000000000
0000000000000000
0000000000000000
0000000000000000
0000000000000000
0000000000000000
0000000000000000
0000000000000000
0000000000000000
0000000000000000
0000000000000000
0000000000000000
0000000000000000
0000000000000000
0000000000000000
0000000000000000
0000000000000000
0000000000000000
0000000000000000
1212101210121212
1010101010101012
0000000000000000
0000000000000000
0000000000000000
0000000000000000
0000000000000000
0000000000000000
1212121210101212
1012101010101010
0000000000000000
0000000000000000
0000000000000000
0000000000000000
0000000000000000
0000000000000000
0000000000000000
0000000000000000
0000000000000000
0000000000000000
0000000000000000
0000000000000000
0000000000000000
0000000000000000
0000000000000000
0000000000000000
0000000000000000
0000000000000000
0000000000000000
0000000000000000
0000000000000000
0000000000000000
1012121212101012
1010101010101010
0000000000000000
0000000000000000
0000000000000000
0000000000000000
0000000000000000
0000000000000000
0000001212121010
0000001010101010
0000000000000000
0000000000000000
0000000000000000
0000000000000000
0000000000000000
0000000000000000
0000000000000000
0000000000000000
0000000000000000
0000000000000000
0000000000000000
0000000000000000
0000000000000000
0000000000000000
0000000000000000
0000000000000000
0000000000000000
0000000000000000
0000000000000000
0000000000000000
0000000000000000
0000000000000000
0000000000000000
0000000000000000
0000000000000000
0000000000000000
0000000000000000
0000000000000000
0000000000000000
0000000000000000
0000000000000000
0000000000000000
0000000000000000
0000000000000000
0000000000000000
0000000000000000
0000000000000000
0000000000000000
0000000000000000
0000000000000000
0000000000000000
0000000000000000
0000000000000000
0000000000000000
0000000000000000
0000000000000000
0000000000000000
0000000000000000
0000000000000000
0000000000000000
0000000000000000
0000000000000000
0000000000000000
0000000000000000
0000000000000000
0000000000000000
0000000000000000
0000000000000000
0000000000000000
0000000000000000
0000000000000000
0000000000000000
0000000000000000
0000000000000000
0000000000000000
0000000000000000
0000000000000000
0000000000000000
0000000000000000
0000000000000000
0000000000000000
0000000000000000
0000000000000000
0000000000000000
0000000000000000
0000000000000000
0000000000000000
0000000000000000
0000000000000000
0000000000000000
0000000000000000
0000000000000000
0000000000000000
0000000000000000
0000000000000000
0000000000000000
