@0000000080439000
1a1a1a1a1a181a1a
1a1a1a1a1a1a181a
1a1a1a181a1a1a1a
1a1a181a1a1a181a
1a1a1a1a1a1a181a
1a1a1a1a1a1a1a1a
1a18181a1a1a1a1a
1a1a1a1a1a181a1a
1a1a181a1a1a1a1a
1a1a1a1a1a1a1a1a
1a1a1a1a1a1a1a1a
1a1a1a1a1a1a1a1a
1a1a1a18181a1a1a
1a1a1a1a1a1a1a1a
18181a1a1a1a1a1a
1a1a1a1a1a181a1a
181a1a1a1a181a1a
1a1a1a1a1a1a1a1a
1a1a181a1a1a1a18
181a1a1a1a1a1a18
1a1a1a181a1a1a1a
181a1a1a1a18181a
1a1a1a1a1a1a1a1a
1a1a1a1a181a1a1a
1a1a1a1a1a181a1a
1a181a1a181a1a1a
1a1a181a1a181a1a
1a1a181a1a1a1a1a
1a1a1a1a1a181a1a
1a1a1a1a1a1a1a18
1a181a181a1a1a18
1a1a1a1a181a1a1a
1a1a1a1a1a1a1a1a
1a1a181a1a1a1a1a
1a1a1a18181a1a1a
1a1a1a1a1a1a1a1a
1a1a1a181a1a181a
181a1a1a1a1a1a1a
181a1818181a1a1a
1a1a18181a181a1a
1a1a1a1a1a1a1400
181a181a1a1a1400
1a1a1a1a1a1a1400
1a1a1a181a181400
1a1a1a1a1a1a1400
181a1a1a1a1a1400
1a1a1a1a1a1a1400
1a1a1a18181a1400
1a1a1a181a1a1a1a
1a1a1a1a1a18181a
1a1a1a1a1a1a1a1a
1a1a1a1a1a1a1a18
1a1a1a1a1a1a1a1a
181a18181a181a1a
181a1a1a1a1a1a1a
1a1a1a1a1a1a1a1a
1a1a181a1a1a1400
1a1a1a1a181a1400
1a181a1a1a1a1400
1a1a181a1a1a1400
181a1a1a1a1a1400
1a181a1a1a1a1400
1a1a181a1a181400
1a181a1a1a1a1400
0000000000000000
0000000000000000
0000000000000000
0000000000000000
0000000000000000
0000000000000000
0000000000000000
0000000000000000
0000000000000000
0000000000000000
0000000000000000
0000000000000000
0000000000000000
0000000000000000
0000000000000000
0000000000000000
0000000000000000
0000000000000000
0000000000000000
0000000000000000
0000000000000000
0000000000000000
0000000000000000
0000000000000000
0000000000000000
0000000000000000
0000000000000000
0000000000000000
0000000000000000
0000000000000000
0000000000000000
0000000000000000
0000000000000000
0000000000000000
0000000000000000
0000000000000000
0000000000000000
0000000000000000
0000000000000000
0000000000000000
0000000000000000
0000000000000000
0000000000000000
0000000000000000
0000000000000000
0000000000000000
0000000000000000
0000000000000000
0000000000000000
0000000000000000
0000000000000000
0000000000000000
0000000000000000
0000000000000000
0000000000000000
0000000000000000
0000000000000000
0000000000000000
0000000000000000
0000000000000000
0000000000000000
0000000000000000
0000000000000000
0000000000000000
1a1a1a1a1a1a1a1a
1a1a1a181a1a1a18
1a1a1a181a1a1a1a
1a1a1a1a181a181a
1a1a1a1a1a1a1a1a
1a1a1a1a1a1a181a
1a1a1818181a1a1a
1a1a1a1a1a1a181a
1a1a1a1a1a1a1a18
1a1a1a1a181a1a1a
1a1a1a181a1a1a1a
1a1a1a1a1a1a1a1a
1a1a1a1a1a1a1a1a
1a1a1a181a1a181a
1a1a1a1a1a1a181a
1a1a1a1a1a1a1a1a
1a181a1a1a1a1a1a
1a1a1a1a18181a1a
1a1a1a1a1a1a1a1a
181a181a181a1a1a
1a1a1a181a1a1a1a
1a181a1a1a1a1a1a
1a1a181a181a1a1a
1a1a181a1a18181a
1a1a1a181a1a1a1a
1a181a18181a1a1a
1a1a1a1a1a1a181a
1a18181a181a1a1a
1a1a1a1a1a1a1a1a
1a1a1a1a1a181a1a
1a1a181a1a1a1a1a
1a1a1a1a1a1a181a
1a1a1a1a1a181a1a
1a1a1a1a1a1a1a1a
1a1a1a1a1a1a1a1a
1a1a1a1a1a1a1a1a
1a1a1a1a1a1a1a1a
1a1a1a1a1a1a1a1a
1a1a1a1a181a1a1a
1a1a1a181a1a1a1a
1a1a1a1a1a1a1400
1a1a1a1a1a1a1400
1a18181a1a1a1400
1a1a1a1a1a1a1400
1a1a1a181a1a1400
1a1a1a1a1a1a1400
1a1a181a181a1400
181a1a181a1a1400
1a1a1a1a181a1a1a
1a1a1a1a1a1a1a1a
1a1a1a1a1a1a181a
1a1a1a1a1a1a1a1a
1a1a1a1a1a1a1a1a
1a1a181a181a1a18
1a1a181a1a1a1a1a
1a1a1a181a181a1a
1a1a1a1a1a1a1400
1a1a181a18181400
1a1a1a1a1a1a1400
1a1a1a1a1a1a1400
1a1a1a1a181a1400
1a1a1a1a1a1a1400
181a1a1a1a181400
1a1a1a1a1a1a1400
0000000000000000
0000000000000000
0000000000000000
0000000000000000
0000000000000000
0000000000000000
0000000000000000
0000000000000000
0000000000000000
0000000000000000
0000000000000000
0000000000000000
0000000000000000
0000000000000000
0000000000000000
0000000000000000
0000000000000000
0000000000000000
0000000000000000
0000000000000000
0000000000000000
0000000000000000
0000000000000000
0000000000000000
0000000000000000
0000000000000000
0000000000000000
0000000000000000
0000000000000000
0000000000000000
0000000000000000
0000000000000000
0000000000000000
0000000000000000
0000000000000000
0000000000000000
0000000000000000
0000000000000000
0000000000000000
0000000000000000
0000000000000000
0000000000000000
0000000000000000
0000000000000000
0000000000000000
0000000000000000
0000000000000000
0000000000000000
0000000000000000
0000000000000000
0000000000000000
0000000000000000
0000000000000000
0000000000000000
0000000000000000
0000000000000000
0000000000000000
0000000000000000
0000000000000000
0000000000000000
0000000000000000
0000000000000000
0000000000000000
0000000000000000
1a1a1a1a1a18181a
1a1a1a1a1a1a1818
1a1a1a1a1a1a1a1a
1a1a1a1a1a1a1a1a
1a1a1a1a1a1a181a
1a181a1a1a1a1a1a
1a1a181a1a1a1a18
1a181a1a1a1a1a1a
1a1a1a1a181a1818
1a1a1a1a181a181a
1a1a1a1a1a1a181a
181a181a1a1a1a1a
1a1a1a1a1a1a1a1a
1a181a1a181a1a1a
1a1a1a1a1a1a1a1a
1a1a1a1a1a1a1a1a
181a1a1a1a1a1a1a
1a1a1a1a1a1a1a1a
181a1a1a1a1a1a1a
1a1a1a1818181a18
181a1a1a1a1a1a1a
1a1a181a1a1a1a1a
1a1a1a181a1a1a1a
1a181a1a1a1a1a18
1a1a1a181a1a1a18
1a1a181a1a1a1a1a
1a1a181a1a1a1a1a
1a1a1a181a1a1a1a
1a1a1a1a1a1a1a1a
1a181a1a1a1a1a1a
1a1a1a1a1a1a1a1a
1a1a1a181a18181a
1a1a1a1a1a181a1a
1a1a1a1a1a1a1a1a
1a1a1a1a1a1a181a
1a1a1a1a1a1a1a1a
1a1a1a181a1a1a1a
1a1a1a1a181a1a1a
1a1a1a1a1a1a1a1a
181a1a1a1a1a1a1a
1a1a181a1a1a1400
1a1a1a1a1a181400
1a1a1a1a1a181400
181a1a1a1a181400
1a1a181a181a1400
1a181a18181a1400
1a1a1a1a1a1a1400
1a1a1a1a1a181400
1a1a1a1a1a181a1a
1a1a18181a1a1a1a
1a1a1a1a1a1a1a1a
1a181a1a1a1a1a1a
1a181a1a1a181a1a
1a1a1a1a1a18181a
1a1a1a1a1a1a1a1a
1a1a1a1a1a1a1a1a
1a181a1a1a1a1400
181a1a1a1a1a1400
1a1a1a1a1a1a1400
1a1a1a1a1a1a1400
1a1a1a1a1a1a1400
181a1a1a1a1a1400
181a1a181a181400
1a1a181a1a181400
0000000000000000
0000000000000000
0000000000000000
0000000000000000
0000000000000000
0000000000000000
0000000000000000
0000000000000000
0000000000000000
0000000000000000
0000000000000000
0000000000000000
0000000000000000
0000000000000000
0000000000000000
0000000000000000
0000000000000000
0000000000000000
0000000000000000
0000000000000000
0000000000000000
0000000000000000
0000000000000000
0000000000000000
0000000000000000
0000000000000000
0000000000000000
0000000000000000
0000000000000000
0000000000000000
0000000000000000
0000000000000000
0000000000000000
0000000000000000
0000000000000000
0000000000000000
0000000000000000
0000000000000000
0000000000000000
0000000000000000
0000000000000000
0000000000000000
0000000000000000
0000000000000000
0000000000000000
0000000000000000
0000000000000000
0000000000000000
0000000000000000
0000000000000000
0000000000000000
0000000000000000
0000000000000000
0000000000000000
0000000000000000
0000000000000000
0000000000000000
0000000000000000
0000000000000000
0000000000000000
0000000000000000
0000000000000000
0000000000000000
0000000000000000
181a1a1a1a1a1a1a
1a1a1a1a1a1a1a1a
1a1a1a1a1a1a1a1a
1a1a1a1a1a1a1a1a
1a1a1a1a1a1a1a1a
1a1a1a181a1a1a1a
1a1a1a1a1a1a1a1a
1a1a1a1a1a1a1a1a
1a1a1a1a1a181a1a
1a1a1a181a1a1a1a
1a1a1a1a1a1a1a18
1a181a1a1a181a1a
181a1a181a1a1a18
181a1a1a181a1a1a
1a1a1a1a1a1a1a1a
1a1a1a181a1a1a1a
1a1a1a1a1a1a181a
181a1a1a1a1a1a1a
1a1a1a1a1a1a1a1a
181a1a1a1a1a1a18
1a1a1a1a1a181a1a
1a1a1a1a181a1a18
1a1a1a1a1a18181a
1a181a1a1a1a1a1a
1a1a1a1a1a1a181a
1a1a1a1a1a181a1a
1a1a1a181a1a1a1a
1a1a1a1a1a1a1a1a
1a1a1a1a1a1a1a1a
1a1a1a1a1a1a181a
1a1a1a1a1a1a181a
1a1a1a1a1a181818
1a1a1a181a1a1a1a
1a1a1a1a181a1a1a
1a1a1a1a1a1a1a1a
1a1a1a181a1a1a1a
1a1a1a1a1a1a181a
1a1a1a1a1a1a1a1a
181a1a1a1a1a181a
1a1a1a1a1a181a1a
1a1a1a1a1a1a1400
1a1a1a181a1a1400
1a1a1a1a1a1a1400
1a1a181a1a1a1400
1a1a1a1a1a1a1400
1a1a1a1a1a1a1400
1a1a1a1a1a1a1400
1a1a1a1a1a1a1400
1a1a1a1a1a1a1a1a
181a1a1a1a18181a
1a1a1a181a1a1a1a
1a1a1a1a1a1a181a
181a1a181a181a1a
1a1a1a1a1a1a1a1a
1a1a1a18181a1a1a
1a1a1a1a1a1a1a1a
1a1a181a1a1a1400
181a1a1a1a181400
1a1a1a1a1a1a1400
1a1a1a1a1a181400
1a1a1a1a181a1400
1a1a1a1a1a181400
1a181a1a1a1a1400
1a1a1a1a1a1a1400
0000000000000000
0000000000000000
0000000000000000
0000000000000000
0000000000000000
0000000000000000
0000000000000000
0000000000000000
0000000000000000
0000000000000000
0000000000000000
0000000000000000
0000000000000000
0000000000000000
0000000000000000
0000000000000000
0000000000000000
0000000000000000
0000000000000000
0000000000000000
0000000000000000
0000000000000000
0000000000000000
0000000000000000
0000000000000000
0000000000000000
0000000000000000
0000000000000000
0000000000000000
0000000000000000
0000000000000000
0000000000000000
0000000000000000
0000000000000000
0000000000000000
0000000000000000
0000000000000000
0000000000000000
0000000000000000
0000000000000000
0000000000000000
0000000000000000
0000000000000000
0000000000000000
0000000000000000
0000000000000000
0000000000000000
0000000000000000
0000000000000000
0000000000000000
0000000000000000
0000000000000000
0000000000000000
0000000000000000
0000000000000000
0000000000000000
0000000000000000
0000000000000000
0000000000000000
0000000000000000
0000000000000000
0000000000000000
0000000000000000
0000000000000000
1a1a1a1a1a1a1a1a
181a181a1a1a1a1a
1a18181a1a1a181a
1010101010101010
1010101010101010
1010101010101010
1010101010101010
1010101010101010
1a181a1a1a1a181a
1a1a1a1a1a1a1a1a
1a1a18181a1a181a
1010101010101010
1010101010101010
1010101010101010
1010101010101010
1010101010101010
1010101010101010
1010101010101010
1010101010101010
1010101010101010
1010101010101010
1010101010101010
1010101010101010
1010101010101010
1010101010101010
1010101010101010
1010101010101010
1010101010101010
1010101010101010
1010101010101010
1010101010101010
1010101010101010
18181a1a1a1a1a18
1a1a1a1a1a1a1a1a
1a1a1a1a1818181a
1010101010101010
1010101010101010
1010101010101010
1010101010101010
1010101010101010
1a1a181a1a1a1400
1a1a1a181a1a1400
1818181a1a181400
1010101010101000
1010101010101000
1010101010101000
1010101010101000
1010101010101000
1010101010101010
1010101010101010
1010101010101010
1010101010101010
1010101010101010
1010101010101010
1010101010101010
1010101010101010
1010101010101000
1010101010101000
1010101010101000
1010101010101000
1010101010101000
1010101010101000
1010101010101000
1010101010101000
0000000000000000
0000000000000000
0000000000000000
0000000000000000
0000000000000000
0000000000000000
0000000000000000
0000000000000000
0000000000000000
0000000000000000
0000000000000000
0000000000000000
0000000000000000
0000000000000000
0000000000000000
0000000000000000
0000000000000000
0000000000000000
0000000000000000
0000000000000000
0000000000000000
0000000000000000
0000000000000000
0000000000000000
0000000000000000
0000000000000000
0000000000000000
0000000000000000
0000000000000000
0000000000000000
0000000000000000
0000000000000000
0000000000000000
0000000000000000
0000000000000000
0000000000000000
0000000000000000
0000000000000000
0000000000000000
0000000000000000
0000000000000000
0000000000000000
0000000000000000
0000000000000000
0000000000000000
0000000000000000
0000000000000000
0000000000000000
0000000000000000
0000000000000000
0000000000000000
0000000000000000
0000000000000000
0000000000000000
0000000000000000
0000000000000000
0000000000000000
0000000000000000
0000000000000000
0000000000000000
0000000000000000
0000000000000000
0000000000000000
0000000000000000
1010101010101010
1010101010101010
1010101010101010
1010101010101010
1010101010101010
1010101010101010
1010101010101010
1010101010101010
1010101010101010
1010101010101010
1010101010101010
1010101010101010
1010101010101010
1010101010101010
1010101010101010
1010101010101010
1010101010101010
1010101010101010
1010101010101010
1010101010101010
1010101010101010
1010101010101010
1010101010101010
1010101010101010
1010101010101010
1010101010101010
1010101010101010
1010101010101010
1010101010101010
1010101010101010
1010101010101010
1010101010101010
1010101010101010
1010101010101010
1010101010101010
1010101010101010
1010101010101010
1010101010101010
1010101010101010
1010101010101010
1010101010101000
1010101010101000
1010101010101000
1010101010101000
1010101010101000
1010101010101000
1010101010101000
1010101010101000
1010101010101010
1010101010101010
1010101010101010
1010101010101010
1010101010101010
1010101010101010
1010101010101010
1010101010101010
1010101010101000
1010101010101000
1010101010101000
1010101010101000
1010101010101000
1010101010101000
1010101010101000
1010101010101000
0000000000000000
0000000000000000
0000000000000000
0000000000000000
0000000000000000
0000000000000000
0000000000000000
0000000000000000
0000000000000000
0000000000000000
0000000000000000
0000000000000000
0000000000000000
0000000000000000
0000000000000000
0000000000000000
0000000000000000
0000000000000000
0000000000000000
0000000000000000
0000000000000000
0000000000000000
0000000000000000
0000000000000000
0000000000000000
0000000000000000
0000000000000000
0000000000000000
0000000000000000
0000000000000000
0000000000000000
0000000000000000
0000000000000000
0000000000000000
0000000000000000
0000000000000000
0000000000000000
0000000000000000
0000000000000000
0000000000000000
0000000000000000
0000000000000000
0000000000000000
0000000000000000
0000000000000000
0000000000000000
0000000000000000
0000000000000000
0000000000000000
0000000000000000
0000000000000000
0000000000000000
0000000000000000
0000000000000000
0000000000000000
0000000000000000
0000000000000000
0000000000000000
0000000000000000
0000000000000000
0000000000000000
0000000000000000
0000000000000000
0000000000000000
1010101010101010
1010101010101010
1010101010101010
1010101010101010
1010101010101010
1010101010101010
1010101010101010
1010101010101010
1010101010101010
1010101010101010
1010101010101010
1010101010101010
1010101010101010
1010101010101010
1010101010101010
1010101010101010
1010101010101010
1010101010101010
1010101010101010
1010101010101010
1010101010101010
1010101010101010
1010101010101010
1010101010101010
1010101010101010
1010101010101010
1010101010101010
1010101010101010
1010101010101010
1010101010101010
1010101010101010
1010101010101010
1010101010101010
1010101010101010
1010101010101010
1010101010101010
1010101010101010
1010101010101010
1010101010101010
1010101010101010
1010101010101000
1010101010101000
1010101010101000
1010101010101000
1010101010101000
1010101010101000
1010101010101000
1010101010101000
1010101010101010
1010101010101010
1010101010101010
1010101010101010
1010101010101010
1010101010101010
1010101010101010
1010101010101010
1010101010101000
1010101010101000
1010101010101000
1010101010101000
1010101010101000
1010101010101000
1010101010101000
1010101010101000
0000000000000000
0000000000000000
0000000000000000
0000000000000000
0000000000000000
0000000000000000
0000000000000000
0000000000000000
0000000000000000
0000000000000000
0000000000000000
0000000000000000
0000000000000000
0000000000000000
0000000000000000
0000000000000000
0000000000000000
0000000000000000
0000000000000000
0000000000000000
0000000000000000
0000000000000000
0000000000000000
0000000000000000
0000000000000000
0000000000000000
0000000000000000
0000000000000000
0000000000000000
0000000000000000
0000000000000000
0000000000000000
0000000000000000
0000000000000000
0000000000000000
0000000000000000
0000000000000000
0000000000000000
0000000000000000
0000000000000000
0000000000000000
0000000000000000
0000000000000000
0000000000000000
0000000000000000
0000000000000000
0000000000000000
0000000000000000
0000000000000000
0000000000000000
0000000000000000
0000000000000000
0000000000000000
0000000000000000
0000000000000000
0000000000000000
0000000000000000
0000000000000000
0000000000000000
0000000000000000
0000000000000000
0000000000000000
0000000000000000
0000000000000000
1010101010101010
1010101010101010
1010101010101010
1010101010101010
1010101010101010
1010101010101010
1010101010101010
1010101010101010
1010101010101010
1010101010101010
1010101010101010
1010101010101010
1010101010101010
1010101010101010
1010101010101010
1010101010101010
1010101010101010
1010101010101010
1010101010101010
1010101010101010
1010101010101010
1010101010101010
1010101010101010
1010101010101010
1010101010101010
1010101010101010
1010101010101010
1010101010101010
1010101010101010
1010101010101010
1010101010101010
1010101010101010
1010101010101010
1010101010101010
1010101010101010
1010101010101010
1010101010101010
1010101010101010
1010101010101010
1010101010101010
1010101010101000
1010101010101000
1010101010101000
1010101010101000
1010101010101000
1010101010101000
1010101010101000
1010101010101000
1010101010101010
1010101010101010
1010101010101010
1010101010101010
1010101010101010
1010101010101010
1010101010101010
1010101010101010
1010101010101000
1010101010101000
1010101010101000
1010101010101000
1010101010101000
1010101010101000
1010101010101000
1010101010101000
0000000000000000
0000000000000000
0000000000000000
0000000000000000
0000000000000000
0000000000000000
0000000000000000
0000000000000000
0000000000000000
0000000000000000
0000000000000000
0000000000000000
0000000000000000
0000000000000000
0000000000000000
0000000000000000
0000000000000000
0000000000000000
0000000000000000
0000000000000000
0000000000000000
0000000000000000
0000000000000000
0000000000000000
0000000000000000
0000000000000000
0000000000000000
0000000000000000
0000000000000000
0000000000000000
0000000000000000
0000000000000000
0000000000000000
0000000000000000
0000000000000000
0000000000000000
0000000000000000
0000000000000000
0000000000000000
0000000000000000
0000000000000000
0000000000000000
0000000000000000
0000000000000000
0000000000000000
0000000000000000
0000000000000000
0000000000000000
0000000000000000
0000000000000000
0000000000000000
0000000000000000
0000000000000000
0000000000000000
0000000000000000
0000000000000000
0000000000000000
0000000000000000
0000000000000000
0000000000000000
0000000000000000
0000000000000000
0000000000000000
0000000000000000
1010101010101010
1010101010101010
1010101010101010
1010101010101010
1010101010101010
1212121212121212
1010101010101010
1010101010101010
1010101010101010
1010101010101010
1010101010101010
1010101010101010
1010101010101010
1212121212121212
1010101010101010
1010101010101010
1010101010101010
1010101010101010
1010101010101010
1010101010101010
1010101010101010
1010101010101010
1010101010101010
1010101010101010
1010101010101010
1010101010101010
1010101010101010
1010101010101010
1010101010101010
1010101010101010
1010101010101010
1010101010101010
1010101010101010
1010101010101010
1010101010101010
1010101010101010
1010101010101010
1212121212121212
1010101010101010
1010101010101010
1010101010101000
1010101010101000
1010101010101000
1010101010101000
1010101010101000
1212121212121200
1010101010101000
1010101010101000
1010101010101010
1010101010101010
1010101010101010
1010101010101010
1010101010101010
1010101010101010
1010101010101010
1010101010101010
1010101010101000
1010101010101000
1010101010101000
1010101010101000
1010101010101000
1010101010101000
1010101010101000
1010101010101000
0000000000000000
0000000000000000
0000000000000000
0000000000000000
0000000000000000
0000000000000000
0000000000000000
0000000000000000
0000000000000000
0000000000000000
0000000000000000
0000000000000000
0000000000000000
0000000000000000
0000000000000000
0000000000000000
0000000000000000
0000000000000000
0000000000000000
0000000000000000
0000000000000000
0000000000000000
0000000000000000
0000000000000000
0000000000000000
0000000000000000
0000000000000000
0000000000000000
0000000000000000
0000000000000000
0000000000000000
0000000000000000
0000000000000000
0000000000000000
0000000000000000
0000000000000000
0000000000000000
0000000000000000
0000000000000000
0000000000000000
0000000000000000
0000000000000000
0000000000000000
0000000000000000
0000000000000000
0000000000000000
0000000000000000
0000000000000000
0000000000000000
0000000000000000
0000000000000000
0000000000000000
0000000000000000
0000000000000000
0000000000000000
0000000000000000
0000000000000000
0000000000000000
0000000000000000
0000000000000000
0000000000000000
0000000000000000
0000000000000000
0000000000000000
1010101010101010
1010101010101010
1010101010101010
1010101010101010
1010101010101010
1010101010101010
1010101010101010
1010101010101010
1010101010101010
1010101010101010
1010101010101010
1010101010101010
1010101010101010
1010101010101010
1010101010101010
1010101010101010
1010101010101010
1010101010101010
1010101010101010
1010101010101010
1010101010101010
1010101010101010
1010101010101010
1010101010101010
1010101010101010
1010101010101010
1010101010101010
1010101010101010
1010101010101010
1010101010101010
1010101010101010
1010101010101010
1010101010101010
1010101010101010
1010101010101010
1010101010101010
1010101010101010
1010101010101010
1010101010101010
1010101010101010
1010101010101000
1010101010101000
1010101010101000
1010101010101000
1010101010101000
1010101010101000
1010101010101000
1010101010101000
1010101010101010
1010101010101010
1010101010101010
1010101010101010
1010101010101010
1010101010101010
1010101010101010
1010101010101010
1010101010101000
1010101010101000
1010101010101000
1010101010101000
1010101010101000
1010101010101000
1010101010101000
1010101010101000
0000000000000000
0000000000000000
0000000000000000
0000000000000000
0000000000000000
0000000000000000
0000000000000000
0000000000000000
0000000000000000
0000000000000000
0000000000000000
0000000000000000
0000000000000000
0000000000000000
0000000000000000
0000000000000000
0000000000000000
0000000000000000
0000000000000000
0000000000000000
0000000000000000
0000000000000000
0000000000000000
0000000000000000
0000000000000000
0000000000000000
0000000000000000
0000000000000000
0000000000000000
0000000000000000
0000000000000000
0000000000000000
0000000000000000
0000000000000000
0000000000000000
0000000000000000
0000000000000000
0000000000000000
0000000000000000
0000000000000000
0000000000000000
0000000000000000
0000000000000000
0000000000000000
0000000000000000
0000000000000000
0000000000000000
0000000000000000
0000000000000000
0000000000000000
0000000000000000
0000000000000000
0000000000000000
0000000000000000
0000000000000000
0000000000000000
0000000000000000
0000000000000000
0000000000000000
0000000000000000
0000000000000000
0000000000000000
0000000000000000
0000000000000000
1010101010101010
1010101010101010
1010101010101010
1010101010101010
1010101010101010
1010101010101010
1010101010101010
1010101010101010
1010101010101010
1010101010101010
1010101010101010
1010101010101010
1010101010101010
1010101010101010
1010101010101010
1010101010101010
1010101010101010
1010101010101010
1010101010101010
1010101010101010
1010101010101010
1010101010101010
1010101010101010
1010101010101010
1010101010101010
1010101010101010
1010101010101010
1010101010101010
1010101010101010
1010101010101010
1010101010101010
1010101010101010
1010101010101010
1010101010101010
1010101010101010
1010101010101010
1010101010101010
1010101010101010
1010101010101010
1010101010101010
1010101010101000
1010101010101000
1010101010101000
1010101010101000
1010101010101000
1010101010101000
1010101010101000
1010101010101000
1010101010101010
1010101010101010
1010101010101010
1010101010101010
1010101010101010
1010101010101010
1010101010101010
1010101010101010
1010101010101000
1010101010101000
1010101010101000
1010101010101000
1010101010101000
1010101010101000
1010101010101000
1010101010101000
0000000000000000
0000000000000000
0000000000000000
0000000000000000
0000000000000000
0000000000000000
0000000000000000
0000000000000000
0000000000000000
0000000000000000
0000000000000000
0000000000000000
0000000000000000
0000000000000000
0000000000000000
0000000000000000
0000000000000000
0000000000000000
0000000000000000
0000000000000000
0000000000000000
0000000000000000
0000000000000000
0000000000000000
0000000000000000
0000000000000000
0000000000000000
0000000000000000
0000000000000000
0000000000000000
0000000000000000
0000000000000000
0000000000000000
0000000000000000
0000000000000000
0000000000000000
0000000000000000
0000000000000000
0000000000000000
0000000000000000
0000000000000000
0000000000000000
0000000000000000
0000000000000000
0000000000000000
0000000000000000
0000000000000000
0000000000000000
0000000000000000
0000000000000000
0000000000000000
0000000000000000
0000000000000000
0000000000000000
0000000000000000
0000000000000000
0000000000000000
0000000000000000
0000000000000000
0000000000000000
0000000000000000
0000000000000000
0000000000000000
0000000000000000
1010101010101010
1010101010101010
1010101010101010
1010101010101010
1010101010101010
1010101010101010
1010101010101010
1010101010101010
1010101010101010
1010101010101010
1010101010101010
1010101010101010
1010101010101010
1010101010101010
1010101010101010
1010101010101010
1010101010101010
1010101010101010
1010101010101010
1010101010101010
1010101010101010
1010101010101010
1010101010101010
1010101010101010
1010101010101010
1010101010101010
1010101010101010
1010101010101010
1010101010101010
1010101010101010
1010101010101010
1010101010101010
1010101010101010
1010101010101010
1010101010101010
1010101010101010
1010101010101010
1010101010101010
1010101010101010
1010101010101010
1010101010101000
1010101010101000
1010101010101000
1010101010101000
1010101010101000
1010101010101000
1010101010101000
1010101010101000
1010101010101010
1010101010101010
1010101010101010
1010101010101010
1010101010101010
1010101010101010
1010101010101010
1010101010101010
1010101010101000
1010101010101000
1010101010101000
1010101010101000
1010101010101000
1010101010101000
1010101010101000
1010101010101000
0000000000000000
0000000000000000
0000000000000000
0000000000000000
0000000000000000
0000000000000000
0000000000000000
0000000000000000
0000000000000000
0000000000000000
0000000000000000
0000000000000000
0000000000000000
0000000000000000
0000000000000000
0000000000000000
0000000000000000
0000000000000000
0000000000000000
0000000000000000
0000000000000000
0000000000000000
0000000000000000
0000000000000000
0000000000000000
0000000000000000
0000000000000000
0000000000000000
0000000000000000
0000000000000000
0000000000000000
0000000000000000
0000000000000000
0000000000000000
0000000000000000
0000000000000000
0000000000000000
0000000000000000
0000000000000000
0000000000000000
0000000000000000
0000000000000000
0000000000000000
0000000000000000
0000000000000000
0000000000000000
0000000000000000
0000000000000000
0000000000000000
0000000000000000
0000000000000000
0000000000000000
0000000000000000
0000000000000000
0000000000000000
0000000000000000
0000000000000000
0000000000000000
0000000000000000
0000000000000000
0000000000000000
0000000000000000
0000000000000000
0000000000000000
1010101010101010
1010101010101010
1010101010101010
1010101010101010
1010101010101010
1010101010101010
1010101010101010
1010101010101010
1010101010101010
1010101010101010
1010101010101010
1010101010101010
1010101010101010
1010101010101010
1010101010101010
1010101010101010
1212101010101012
1212101010101012
1212101010101012
1212101010101012
1212101010101012
1212101010101012
1212101010101012
1212101010101012
1212101010121212
1212101010121212
1212101010121212
1212101010121212
1212101010121212
1212101010121212
1212101010121212
1212101010121212
1010101010101010
1010101010101010
1010101010101010
1010101010101010
1010101010101010
1010101010101010
1010101010101010
1010101010101010
1010101010101000
1010101010101000
1010101010101000
1010101010101000
1010101010101000
1010101010101000
1010101010101000
1010101010101000
1210101010121210
1210101010121210
1210101010121210
1210101010121210
1210101010121210
1210101010121210
1210101010121210
1210101010121210
1010101012121000
1010101012121000
1010101012121000
1010101012121000
1010101012121000
1010101012121000
1010101012121000
1010101012121000
0000000000000000
0000000000000000
0000000000000000
0000000000000000
0000000000000000
0000000000000000
0000000000000000
0000000000000000
0000000000000000
0000000000000000
0000000000000000
0000000000000000
0000000000000000
0000000000000000
0000000000000000
0000000000000000
0000000000000000
0000000000000000
0000000000000000
0000000000000000
0000000000000000
0000000000000000
0000000000000000
0000000000000000
0000000000000000
0000000000000000
0000000000000000
0000000000000000
0000000000000000
0000000000000000
0000000000000000
0000000000000000
0000000000000000
0000000000000000
0000000000000000
0000000000000000
0000000000000000
0000000000000000
0000000000000000
0000000000000000
0000000000000000
0000000000000000
0000000000000000
0000000000000000
0000000000000000
0000000000000000
0000000000000000
0000000000000000
0000000000000000
0000000000000000
0000000000000000
0000000000000000
0000000000000000
0000000000000000
0000000000000000
0000000000000000
0000000000000000
0000000000000000
0000000000000000
0000000000000000
0000000000000000
0000000000000000
0000000000000000
0000000000000000
1212101010101012
1212101010101012
1212101010101012
1212101010101012
1212101010101012
1212101010101012
1212101010101012
1212101010101012
1212101010121212
1212101010121212
1212101010121212
1212101010121212
1212101010121212
1212101010121212
1212101010121212
1212101010121212
1212101010101012
1212101010101012
1212101010101012
1212101010101012
1212101010101012
1212101010101012
1212101010101012
1212101010101012
1212101010121212
1212101010121212
1212101010121212
1212101010121212
1212101010121212
1212101010121212
1212101010121212
1212101010121212
1210101010121210
1210101010121210
1210101010121210
1210101010121210
1210101010121210
1210101010121210
1210101010121210
1210101010121210
1010101012121000
1010101012121000
1010101012121000
1010101012121000
1010101012121000
1010101012121000
1010101012121000
1010101012121000
1210101010121210
1210101010121210
1210101010121210
1210101010121210
1210101010121210
1210101010121210
1210101010121210
1210101010121210
1010101012121000
1010101012121000
1010101012121000
1010101012121000
1010101012121000
1010101012121000
1010101012121000
1010101012121000
0000000000000000
0000000000000000
0000000000000000
0000000000000000
0000000000000000
0000000000000000
0000000000000000
0000000000000000
0000000000000000
0000000000000000
0000000000000000
0000000000000000
0000000000000000
0000000000000000
0000000000000000
0000000000000000
0000000000000000
0000000000000000
0000000000000000
0000000000000000
0000000000000000
0000000000000000
0000000000000000
0000000000000000
0000000000000000
0000000000000000
0000000000000000
0000000000000000
0000000000000000
0000000000000000
0000000000000000
0000000000000000
0000000000000000
0000000000000000
0000000000000000
0000000000000000
0000000000000000
0000000000000000
0000000000000000
0000000000000000
0000000000000000
0000000000000000
0000000000000000
0000000000000000
0000000000000000
0000000000000000
0000000000000000
0000000000000000
0000000000000000
0000000000000000
0000000000000000
0000000000000000
0000000000000000
0000000000000000
0000000000000000
0000000000000000
0000000000000000
0000000000000000
0000000000000000
0000000000000000
0000000000000000
0000000000000000
0000000000000000
0000000000000000
1212101010101012
1212101010101012
1212101010101012
1212101010101012
1212101010101012
1212101010101012
1212101010101012
1212101010101012
1212101010121212
1212101010121212
1212101010121212
1212101010121212
1212101010121212
1212101010121212
1212101010121212
1212101010121212
1212101010101012
1212101010101012
1212101010101012
1212101010101012
1212101010101012
1212101010101012
1212101010101012
1212101010101012
1212101010121212
1212101010121212
1212101010121212
1212101010121212
1212101010121212
1212101010121212
1212101010121212
1212101010121212
1210101010121210
1210101010121210
1210101010121210
1210101010121210
1210101010121210
1210101010121210
1210101010121210
1210101010121210
1010101012121000
1010101012121000
1010101012121000
1010101012121000
1010101012121000
1010101012121000
1010101012121000
1010101012121000
1210101010121210
1210101010121210
1210101010121210
1210101010121210
1210101010121210
1210101010121210
1210101010121210
1210101010121210
1010101012121000
1010101012121000
1010101012121000
1010101012121000
1010101012121000
1010101012121000
1010101012121000
1010101012121000
0000000000000000
0000000000000000
0000000000000000
0000000000000000
0000000000000000
0000000000000000
0000000000000000
0000000000000000
0000000000000000
0000000000000000
0000000000000000
0000000000000000
0000000000000000
0000000000000000
0000000000000000
0000000000000000
0000000000000000
0000000000000000
0000000000000000
0000000000000000
0000000000000000
0000000000000000
0000000000000000
0000000000000000
0000000000000000
0000000000000000
0000000000000000
0000000000000000
0000000000000000
0000000000000000
0000000000000000
0000000000000000
0000000000000000
0000000000000000
0000000000000000
0000000000000000
0000000000000000
0000000000000000
0000000000000000
0000000000000000
0000000000000000
0000000000000000
0000000000000000
0000000000000000
0000000000000000
0000000000000000
0000000000000000
0000000000000000
0000000000000000
0000000000000000
0000000000000000
0000000000000000
0000000000000000
0000000000000000
0000000000000000
0000000000000000
0000000000000000
0000000000000000
0000000000000000
0000000000000000
0000000000000000
0000000000000000
0000000000000000
0000000000000000
1212101010101012
1212101010101012
1212101010101012
1212101010101012
1212101010101012
1212101010101012
1212101010101012
1212101010101012
1212101010121212
1212101010121212
1212101010121212
1212101010121212
1212101010121212
1212101010121212
1212101010121212
1212101010121212
1212101010101012
1212101010101012
1212101010101012
1212101010101012
1212101010101012
1212101010101012
1212101010101012
1212101010101012
1212101010121212
1212101010121212
1212101010121212
1212101010121212
1212101010121212
1212101010121212
1212101010121212
1212101010121212
1210101010121210
1210101010121210
1210101010121210
1210101010121210
1210101010121210
1210101010121210
1210101010121210
1210101010121210
1010101012121000
1010101012121000
1010101012121000
1010101012121000
1010101012121000
1010101012121000
1010101012121000
1010101012121000
1210101010121210
1210101010121210
1210101010121210
1210101010121210
1210101010121210
1210101010121210
1210101010121210
1210101010121210
1010101012121000
1010101012121000
1010101012121000
1010101012121000
1010101012121000
1010101012121000
1010101012121000
1010101012121000
0000000000000000
0000000000000000
0000000000000000
0000000000000000
0000000000000000
0000000000000000
0000000000000000
0000000000000000
0000000000000000
0000000000000000
0000000000000000
0000000000000000
0000000000000000
0000000000000000
0000000000000000
0000000000000000
0000000000000000
0000000000000000
0000000000000000
0000000000000000
0000000000000000
0000000000000000
0000000000000000
0000000000000000
0000000000000000
0000000000000000
0000000000000000
0000000000000000
0000000000000000
0000000000000000
0000000000000000
0000000000000000
0000000000000000
0000000000000000
0000000000000000
0000000000000000
0000000000000000
0000000000000000
0000000000000000
0000000000000000
0000000000000000
0000000000000000
0000000000000000
0000000000000000
0000000000000000
0000000000000000
0000000000000000
0000000000000000
0000000000000000
0000000000000000
0000000000000000
0000000000000000
0000000000000000
0000000000000000
0000000000000000
0000000000000000
0000000000000000
0000000000000000
0000000000000000
0000000000000000
0000000000000000
0000000000000000
0000000000000000
0000000000000000
1212101010101012
1212101010101012
1212101010101012
1212101010101012
1212101010101012
1212101010101012
1212101010101012
1212101010101012
1212101010121212
1212101010121212
1212101010121212
1212101010121212
1212101010121212
1212101010121212
1212101010121212
1212101010121212
1212101010101012
1212101010101012
1414121212121214
0000000000000000
0000000000000000
0000000000000000
0000000000000000
0000000000000000
1212101010121212
1212101010121212
1412121214141414
0000000000000000
0000000000000000
0000000000000000
0000000000000000
0000000000000000
1210101010121210
1210101010121210
1210101010121210
1210101010121210
1210101010121210
1210101010121210
1210101010121210
1210101010121210
1010101012121000
1010101012121000
1010101012121000
1010101012121000
1010101012121000
1010101012121000
1010101012121000
1010101012121000
1210101010121210
1210101010121210
1414121412141412
0000000000000000
0000000000000000
0000000000000000
0000000000000000
0000000000000000
1010101012121000
1010101012121000
1212121214141200
0000000000000000
0000000000000000
0000000000000000
0000000000000000
0000000000000000
0000000000000000
0000000000000000
0000000000000000
0000000000000000
0000000000000000
0000000000000000
0000000000000000
0000000000000000
0000000000000000
0000000000000000
0000000000000000
0000000000000000
0000000000000000
0000000000000000
0000000000000000
0000000000000000
0000000000000000
0000000000000000
0000000000000000
0000000000000000
0000000000000000
0000000000000000
0000000000000000
0000000000000000
0000000000000000
0000000000000000
0000000000000000
0000000000000000
0000000000000000
0000000000000000
0000000000000000
0000000000000000
0000000000000000
0000000000000000
0000000000000000
0000000000000000
0000000000000000
0000000000000000
0000000000000000
0000000000000000
0000000000000000
0000000000000000
0000000000000000
0000000000000000
0000000000000000
0000000000000000
0000000000000000
0000000000000000
0000000000000000
0000000000000000
0000000000000000
0000000000000000
0000000000000000
0000000000000000
0000000000000000
0000000000000000
0000000000000000
0000000000000000
0000000000000000
0000000000000000
0000000000000000
0000000000000000
0000000000000000
0000000000000000
0000000000000000
0000000000000000
0000000000000000
0000000000000000
0000000000000000
0000000000000000
0000000000000000
0000000000000000
0000000000000000
0000000000000000
0000000000000000
0000000000000000
0000000000000000
0000000000000000
0000000000000000
0000000000000000
0000000000000000
0000000000000000
0000000000000000
0000000000000000
0000000000000000
0000000000000000
0000000000000000
0000000000000000
0000000000000000
0000000000000000
0000000000000000
0000000000000000
0000000000000000
0000000000000000
0000000000000000
0000000000000000
0000000000000000
0000000000000000
0000000000000000
0000000000000000
0000000000000000
0000000000000000
0000000000000000
0000000000000000
0000000000000000
0000000000000000
0000000000000000
0000000000000000
0000000000000000
0000000000000000
0000000000000000
0000000000000000
0000000000000000
0000000000000000
0000000000000000
0000000000000000
0000000000000000
0000000000000000
0000000000000000
0000000000000000
0000000000000000
0000000000000000
0000000000000000
0000000000000000
0000000000000000
0000000000000000
0000000000000000
0000000000000000
0000000000000000
0000000000000000
0000000000000000
0000000000000000
0000000000000000
0000000000000000
0000000000000000
0000000000000000
0000000000000000
0000000000000000
0000000000000000
0000000000000000
0000000000000000
0000000000000000
0000000000000000
0000000000000000
0000000000000000
0000000000000000
0000000000000000
0000000000000000
0000000000000000
0000000000000000
0000000000000000
0000000000000000
0000000000000000
0000000000000000
0000000000000000
0000000000000000
0000000000000000
0000000000000000
0000000000000000
0000000000000000
0000000000000000
0000000000000000
0000000000000000
0000000000000000
0000000000000000
0000000000000000
0000000000000000
0000000000000000
0000000000000000
0000000000000000
0000000000000000
0000000000000000
0000000000000000
0000000000000000
0000000000000000
0000000000000000
0000000000000000
0000000000000000
0000000000000000
0000000000000000
0000000000000000
0000000000000000
0000000000000000
0000000000000000
0000000000000000
0000000000000000
0000000000000000
0000000000000000
0000000000000000
0000000000000000
0000000000000000
0000000000000000
0000000000000000
0000000000000000
0000000000000000
0000000000000000
0000000000000000
0000000000000000
0000000000000000
0000000000000000
0000000000000000
0000000000000000
0000000000000000
0000000000000000
0000000000000000
0000000000000000
0000000000000000
0000000000000000
0000000000000000
0000000000000000
0000000000000000
0000000000000000
0000000000000000
0000000000000000
0000000000000000
0000000000000000
0000000000000000
0000000000000000
0000000000000000
0000000000000000
0000000000000000
0000000000000000
0000000000000000
0000000000000000
0000000000000000
0000000000000000
0000000000000000
0000000000000000
0000000000000000
0000000000000000
0000000000000000
0000000000000000
0000000000000000
0000000000000000
0000000000000000
0000000000000000
0000000000000000
0000000000000000
0000000000000000
0000000000000000
0000000000000000
0000000000000000
0000000000000000
0000000000000000
0000000000000000
0000000000000000
0000000000000000
0000000000000000
0000000000000000
0000000000000000
0000000000000000
0000000000000000
0000000000000000
0000000000000000
0000000000000000
0000000000000000
0000000000000000
0000000000000000
0000000000000000
0000000000000000
0000000000000000
0000000000000000
0000000000000000
0000000000000000
0000000000000000
0000000000000000
0000000000000000
0000000000000000
0000000000000000
0000000000000000
0000000000000000
0000000000000000
0000000000000000
0000000000000000
0000000000000000
0000000000000000
0000000000000000
0000000000000000
0000000000000000
0000000000000000
0000000000000000
0000000000000000
0000000000000000
0000000000000000
0000000000000000
0000000000000000
0000000000000000
0000000000000000
0000000000000000
0000000000000000
0000000000000000
0000000000000000
0000000000000000
0000000000000000
0000000000000000
0000000000000000
0000000000000000
0000000000000000
0000000000000000
0000000000000000
0000000000000000
0000000000000000
0000000000000000
0000000000000000
0000000000000000
0000000000000000
0000000000000000
0000000000000000
0000000000000000
0000000000000000
0000000000000000
0000000000000000
0000000000000000
0000000000000000
0000000000000000
0000000000000000
0000000000000000
0000000000000000
0000000000000000
0000000000000000
0000000000000000
0000000000000000
0000000000000000
0000000000000000
0000000000000000
0000000000000000
0000000000000000
0000000000000000
0000000000000000
0000000000000000
0000000000000000
0000000000000000
0000000000000000
0000000000000000
0000000000000000
0000000000000000
0000000000000000
0000000000000000
0000000000000000
0000000000000000
0000000000000000
0000000000000000
0000000000000000
0000000000000000
0000000000000000
0000000000000000
0000000000000000
0000000000000000
0000000000000000
0000000000000000
0000000000000000
0000000000000000
0000000000000000
0000000000000000
0000000000000000
0000000000000000
0000000000000000
0000000000000000
0000000000000000
0000000000000000
0000000000000000
0000000000000000
0000000000000000
0000000000000000
0000000000000000
0000000000000000
0000000000000000
0000000000000000
0000000000000000
0000000000000000
0000000000000000
0000000000000000
0000000000000000
0000000000000000
0000000000000000
0000000000000000
0000000000000000
0000000000000000
0000000000000000
0000000000000000
0000000000000000
0000000000000000
0000000000000000
0000000000000000
0000000000000000
0000000000000000
0000000000000000
0000000000000000
0000000000000000
0000000000000000
0000000000000000
0000000000000000
0000000000000000
0000000000000000
0000000000000000
0000000000000000
0000000000000000
0000000000000000
0000000000000000
0000000000000000
0000000000000000
0000000000000000
0000000000000000
0000000000000000
0000000000000000
0000000000000000
0000000000000000
0000000000000000
0000000000000000
0000000000000000
0000000000000000
0000000000000000
0000000000000000
0000000000000000
0000000000000000
0000000000000000
0000000000000000
0000000000000000
0000000000000000
0000000000000000
0000000000000000
0000000000000000
0000000000000000
0000000000000000
0000000000000000
0000000000000000
0000000000000000
0000000000000000
0000000000000000
0000000000000000
0000000000000000
0000000000000000
0000000000000000
0000000000000000
0000000000000000
0000000000000000
0000000000000000
0000000000000000
0000000000000000
0000000000000000
0000000000000000
0000000000000000
0000000000000000
0000000000000000
0000000000000000
0000000000000000
0000000000000000
0000000000000000
