@0000000080601000
1a1a1a1a1a1a1a1a
1a1a1a18181a1a1a
1a1a181a1a1a1a18
1a1a1a1a1a1a1a1a
1a181a1a1a181a18
1a1a181a1a1a1a1a
1a181a1a1a1a1a1a
1a1a1a1a1a18181a
1a1a1a181a1a181a
1a1a181a1a1a181a
1a1a1a1a1a1a1a18
1a1a1a1a1a1a1a1a
1a1a1a1a1a1a181a
1a1a181a1a1a1a1a
1a1a1a1a181a1a18
1a1a181a1a1a1a1a
1a1a1a1a1a1a1a1a
1a1a1a1a1a1a1a1a
1a1a1a1a1a1a1818
1a1a1a1a1a1a1a18
181a1a1a1a1a1a1a
1a1a1a1a1a1a1a1a
1a1a1a18181a1a18
1a1a1a1a181a1a1a
1818181a1a1a1a1a
181a1a1a1a1a1a1a
181a1a1a1a1a1a18
1a1a1a1a1a1a1a1a
1a181a1a1a1a1a1a
1a1a1a1a1a1a1a1a
1a181a1a1a1a1a1a
1a1a1a1a181a1a1a
1a1a1a181a1a181a
1a1a1a1a1a1a1a1a
1a1a1a18181a1a1a
181a1a1a1a1a1a1a
1a1a1a1a181a1a1a
1a1a1a1a1a181a1a
1a1a1a1a1a1a181a
1a1a1a181a1a1a1a
1a1a1a1a181a1a18
1a181a1a1a1a1a1a
1a1a1a1a1a1a1a1a
1a1a181a181a1a18
1a1a1a1a1a1a1a18
1a1a1a1a1a1a1a1a
1a1a1a181a1a1a1a
181a1a181a1a1a1a
1a1a1a1a1a1a181a
1a1a18181a1a181a
1a1a1a1a1a1a1a1a
1a1a1a1a1a1a1a1a
1a181a1a1a181a1a
1a1a1a181a1a1a1a
1a1a1a1a181a1a1a
1a1a181a1a18181a
1a1a1a1a1a1a1a18
1a1a1a1a1a1a1a1a
1a1a1a1a181a1a1a
1a1a1a1a1a181a18
1a1a1a1a1a1a1a1a
1a1a1a1a181a1a1a
1a1a1a1a1a1a1a1a
1a181a1a1a1a1a1a
1a1a1a1a181a1a1a
1a1a181a1a1a1a1a
181a1a1a1a1a1a1a
1a1a1a181a1a1818
1a1a1a1a1a181a1a
1a1a1a1a1a1a1a18
1a1a1a1a1a1a1a18
1a1a1a1a1a1a1a1a
1a1a1a1a1a1a1a1a
1a1a1a1a181a1a1a
1a1a1a1a1a1a181a
18181a1a1a181a1a
1a181a1a1a1a1a1a
1a1a1a1a1a1a1a1a
1a1a1a1a1a1a1a1a
1a181a1a181a1a1a
1a1a1a1a1a1a181a
181a1a1a1a1a1a1a
1a1a1a1a1a1a1a18
1a1a1a1a181a1a1a
1a181a1a1a1a1a1a
1a1a1a1a1a1a1a1a
1a1a1a1a1a1a1a1a
1a1a1a1a1a1a1a1a
1a1a1a1a1a1a181a
1a1a1a1a1a1a1a1a
18181a1a18181a1a
1a1a1a1a181a1a1a
1a1a18181a181a1a
1a181a1a1a1a1a1a
181a1a1a1a1a1a1a
1a1a1a1a1a1a1a18
1a1a1a1a181a1a1a
1a1a1a1a1a1a1a1a
181a1a1a1a1a1a1a
1a1a1a1a1a1a1a1a
1a1a1a1a181a1a1a
181a181a1a1a1a1a
1a1a1a181a1a1a1a
1a1a1a1a1a1a1a1a
1a1a180000000000
1a1a1a0000000000
1a1a1a0000000000
1a1a1a0000000000
1a1a1a0000000000
1a1a180000000000
1a1a1a0000000000
1a1a1a0000000000
1a1a1a1818181a1a
181a1a1a1a1a1a1a
1a1a1a1a1a1a1a1a
1a1a1a1a1a1a1a1a
1a1a1a1a1a1a1a1a
1a1a1a1a1a1a1a1a
1a1a1a1a1a1a1a1a
1a1a1a1a1a1a181a
18181a0000000000
1a1a1a0000000000
1a1a1a0000000000
1a1a180000000000
1a1a1a0000000000
1a181a0000000000
1a181a0000000000
1a1a1a0000000000
181a1a181a1a1a1a
1a181a1a1a1a1a1a
1a1a1a1a1a181a1a
1a1a181a1a181a1a
1a1a1a1a181a1a1a
1a1a1a1a1a1a1a1a
1a1a1a1a181a1a1a
1a1a181a1a181a1a
1a1a1a1a1a1a181a
1a1a1a1a1a1a1a1a
1a1a1a1a1a1a1a1a
1a1a1a1a1a1a1a1a
181a1a1a1a1a1a1a
1a1a1a1a1a1a1a18
1a1a1a1a1a181a1a
1a1a1a181a1a1a1a
1a1a1a1a181a1a1a
1a181a1a1a1a1a1a
1a1a1a1a1a1a1a1a
1a181a1a1a1a1a1a
1a1a1a1a1a1a1a1a
1a1a1a1a1a1a1a1a
181a1a1a1a1a1a1a
1a181a1a1a181a1a
1a1a1a181a1a1a1a
18181a181a1a1a1a
181a1a1a181a1a1a
1a1a1a1a1a181a1a
1a1a1a1a1a181a1a
1a1a1a1a1a1a1a1a
1a1a1a1a1a1a1a1a
18181a181a181a1a
1a1a1a1a1a1a1a1a
1a1a1a1a1a1a1a1a
181a1a1a181a1a1a
1a1a1a1a1a1a1a1a
1a1a1a1a1a1a1a1a
1a1a1a1a1a1a1a1a
1a1a1a1a181a1a1a
1a1a1a1a1a18181a
1a1a1a1a181a1a18
1a1a1a1a181a1a1a
1a1a181a181a1a1a
181a1a1a1a1a1a1a
1a1a1a1a181a1a1a
1a1a1a181a1a1a1a
1a1a1a1a1a181a1a
181a1a1a1a181a1a
1a181a1a1a1a1a1a
1a1a1a1a1a1a1a1a
1a1a1a1a1a1a1a1a
1a18181a1a18181a
1a1a1a1a1a1a1a1a
1a1a1a1a1a181a18
1a1a1a181a1a1a1a
1a1a1a1a1a1a181a
1a181a1a181a1a1a
1a1a1a1a1a18181a
1a1a1a1a1a1a181a
1a181a1a18181a1a
1a1a1a181a1a1a1a
1a1a1a1a1a1a1a1a
1a181a1a1a1a1a1a
1a1a1a1a1a1a1a1a
1a1a1a1a1a1a1a1a
1a1a1a1a1a1a1a1a
181a1a1a1a18181a
1a1a1a1a181a1a1a
1a181a1a1a1a1a1a
1a181a1a1a1a1a1a
181a1a1a1a1a1a1a
1a1a1a1a1a1a1a1a
1a181a1a1a1a181a
1a1a1a1a1a1a1a1a
1a1a1a1a1a181a1a
1a1a1a181a1a1a1a
1a1a1a1a1a1a1a1a
1a1a1a1a1a1a1a1a
1a181a1a1a1a1a1a
1a181a181a1a1a1a
1a1a1a1a1a1a181a
1a1a1a1a1a1a1a1a
1a1a1a1a1a1a1a18
1a1a1a181a1a1a1a
1a1a1a1a1a1a1a1a
1a1a181a1a1a1a1a
1a1a1a1a1a181a1a
1a1a1a1a1a1a181a
1a1a1a1a1a1a1a1a
1a1a1a1a1a1a1a1a
1a1a1a1a1a1a1a1a
1a1a1a1a181a1a1a
1a1a1a1a1a1a1a18
1a1a181a1a1a1a1a
1a1a1a1a181a1a1a
1a1a1a1a1a1a1a1a
1a1a1a181a1a1a1a
1a1a1a1a1a1a1a1a
1a1a1a1a1a181a1a
1a1a1a1a181a1a1a
1a1a1a1a1a1a1a1a
181a1a181a1a1a18
1a1a181a1a1a1a1a
1a1a1a1a1a1a1a1a
1a1a180000000000
1a1a1a0000000000
18181a0000000000
1a1a180000000000
1a1a1a0000000000
181a1a0000000000
1a181a0000000000
1a1a1a0000000000
1a1a1a1a1a181a1a
1a1a1a181a1a1a1a
1a1a1a1a1a1a1a1a
1a1a1a181a1a1a1a
1a181a181a1a1a18
1a1a1a1a181a1a1a
181a1a1a1a181a1a
1a1a1a1a1a1a1a1a
1a1a1a0000000000
1a1a1a0000000000
1a1a1a0000000000
1a18180000000000
181a1a0000000000
1a1a180000000000
181a180000000000
1a1a1a0000000000
1a181a1a1a1a1a1a
1a1a1a1a1a1a1a1a
1a1a181a1a1a1a1a
1a181a1a1a1a1a1a
1a1a1a1a1a1a181a
1a1a1a1a1a181a1a
1a181a1a1a1a1a1a
1a181a1a1a1a1a1a
1a1a1a1a1a1a1a1a
1a1a1a1a1a18181a
181a1a1a1a1a1a1a
1a1a1a1a1a1a1a1a
1a1a1a1a1a1a1a1a
1a1a1a1a1a1a1a1a
1a1a1a1a1a1a1a1a
1a181a1a1a1a1a1a
181a1a1a1a1a1a1a
1a1a1a1a1a1a1a1a
1a1a1a1a1a181a1a
1a1a1a1a1a181a1a
18181a1a1a1a1a1a
181a1a1a1a1a1a1a
1a1a1a1a1a1a1a1a
1a1a1a1a1a1a1a1a
181a181a1a181a1a
181a1a1a181a1a1a
1a1a1a181a1a1a1a
1a1a181a1a1a1a18
1a1a1a1a1a1a1a1a
1a1a1a1a1a1a181a
1a1a1a1a18181a1a
1a1a1a1a1a1a1a1a
1a1a1a1a1a1a1a18
1a1a1a1a1a1a1a1a
1a1a1a1a1a181a1a
1a1a1a181818181a
1a1a1a181a1a181a
1a1a1a1a181a1a1a
1a1a18181a1a1a1a
18181a1a1a1a181a
1a1a1a1a1a1a1a1a
1a1a1a1a1a1a1a1a
1a1a1a1a1a1a1a1a
1a1a1a1a1a1a1a1a
1a18181a1a181a1a
1a1a1a1a1a1a1a1a
181a1a1a1a1a1a1a
1a1a1a1a1a1a181a
1a1a1a1a18181a1a
1a1a1a1a181a1a1a
1a181a1a1a1a1a1a
1a1a1a1a1a181a1a
181a1a181a1a1a1a
1a1a1a1a1a1a181a
1a1a1a1a1a1a1a1a
181a181a1a1a1a18
1a1a1a1a1a181a1a
1a1a1a1a1a1a1a1a
1a1a1a1a1a181a1a
1a1a181a1a1a1a1a
1a1a1a1a181a1a1a
1a1a1a1a1a1a1a1a
1a18181a1a1a1a1a
1a1a1a1a1a1a1a1a
1a1a1a1a1a1a1a1a
1a1a1a1a1a1a1a1a
1a181a1a1a1a181a
1a181a1a1a1a1a1a
1a1a1a1a1a1a181a
1a1a181a181a1a1a
1a1a1a1a181a181a
1a1a1a1a1a1a1a1a
1a181a1a1a1a1a1a
1a1a1a1a1a1a1a1a
1a181a1a1a1a1a1a
1a1a1a181a1a1a1a
1a1a181a1a1a1a1a
1a1a1a1a1a1a1a1a
1a1a1a1a1a181a1a
1a1a1a1a1a1a1a18
1a1a1a181a1a1818
1a1a18181a1a1a1a
1a1a1a181a1a1a18
1a1a1a1a1a1a1a1a
1a1a1a1a1a1a1a18
1a1a1a1a1a1a1a1a
1a1a1a1a1a18181a
1a1a1a1a1a1a181a
1a1a1a1a1a1a1a1a
1a1a1a1a1a1a1a1a
1a1a1a1a181a1a1a
1a1a1a1a1a1a1a1a
1a1a1a1a1a1a1a1a
1a1a1a1a1a1a1a1a
1a1a1a1a1a1a1a1a
1a1a181a1a1a181a
1a1a1a1a1a1a181a
1a1a1a1a1a1a1a1a
181a1a1a1a1a1a1a
1a1a1a1a181a1a1a
1a1a1a1a1a1a1a1a
1a1a1a1a1a1a1a1a
1a1a1a1a1a1a1a1a
1a1a181a1a1a1a1a
1a1a1a0000000000
1a1a1a0000000000
1a1a1a0000000000
1a1a1a0000000000
1a1a1a0000000000
1a1a1a0000000000
1a181a0000000000
1a1a1a0000000000
1a1a1a181a1a1a1a
1a1a1a1a181a1a18
1a1a1a181a1a1a1a
1a1a1a1a1a1a1a1a
1a1a1a1a1a1a1a1a
1a1a1a1a1a1a1a1a
181a1a1a1a1a1a18
1a1a1a181a181a1a
1a1a1a0000000000
1a1a1a0000000000
1a1a180000000000
1a1a180000000000
1a1a1a0000000000
181a1a0000000000
1a1a1a0000000000
1a1a180000000000
1a181a1a1a181a1a
1a1a181a181a1a1a
1a1a1a1a1a1a1818
1010101010101010
1010101010101010
1010101010101010
1010101010101010
1010101010101010
1a1a1a1a1a1a1a1a
1a1a1a181a181a1a
1a181a18181a1818
1010101010101010
1010101010101010
1010101010101010
1010101010101010
1010101010101010
1010101010101010
1010101010101010
1010101010101010
1010101010101010
1010101010101010
1010101010101010
1010101010101010
1010101010101010
1010101010101010
1010101010101010
1010101010101010
1010101010101010
1010101010101010
1010101010101010
1010101010101010
1010101010101010
1a1a1a181a1a181a
1a1a181a1a18181a
18181a1a1a1a1a1a
1010101010101010
1010101010101010
1010101010101010
1010101010101010
1010101010101010
1a1a1a1a181a1a1a
1a1a1a181a1a1a1a
181a181a1a1a181a
1010101010101010
1010101010101010
1010101010101010
1010101010101010
1010101010101010
1010101010101010
1010101010101010
1010101010101010
1010101010101010
1010101010101010
1010101010101010
1010101010101010
1010101010101010
1010101010101010
1010101010101010
1010101010101010
1010101010101010
1010101010101010
1010101010101010
1010101010101010
1010101010101010
1a1a1a1a1a1a1a1a
1a1a1a1a1a1a1a1a
1a181a1a1a1a1a1a
1010101010101010
1010101010101010
1010101010101010
1010101010101010
1010101010101010
1a181a1a181a1a18
1a181a1a181a181a
181818181a1a1a1a
1010101010101010
1010101010101010
1010101010101010
1010101010101010
1010101010101010
1010101010101010
1010101010101010
1010101010101010
1010101010101010
1010101010101010
1010101010101010
1010101010101010
1010101010101010
1010101010101010
1010101010101010
1010101010101010
1010101010101010
1010101010101010
1010101010101010
1010101010101010
1010101010101010
181a1a1a1a1a1a1a
1a1a1a1a1a1a1a18
181a1a1a1a1a1a1a
1010101010101010
1010101010101010
1010101010101010
1010101010101010
1010101010101010
1a1a1a0000000000
1a1a1a0000000000
1a181a0000000000
1010100000000000
1010100000000000
1010100000000000
1010100000000000
1010100000000000
1010101010101010
1010101010101010
1010101010101010
1010101010101010
1010101010101010
1010101010101010
1010101010101010
1010101010101010
1010100000000000
1010100000000000
1010100000000000
1010100000000000
1010100000000000
1010100000000000
1010100000000000
1010100000000000
1010101010101010
1010101010101010
1010101010101010
1010101010101010
1010101010101010
1010101010101010
1010101010101010
1010101010101010
1010101010101010
1010101010101010
1010101010101010
1010101010101010
1010101010101010
1010101010101010
1010101010101010
1010101010101010
1010101010101010
1010101010101010
1010101010101010
1010101010101010
1010101010101010
1010101010101010
1010101010101010
1010101010101010
1010101010101010
1010101010101010
1010101010101010
1010101010101010
1010101010101010
1010101010101010
1010101010101010
1010101010101010
1010101010101010
1010101010101010
1010101010101010
1010101010101010
1010101010101010
1010101010101010
1010101010101010
1010101010101010
1010101010101010
1010101010101010
1010101010101010
1010101010101010
1010101010101010
1010101010101010
1010101010101010
1010101010101010
1010101010101010
1010101010101010
1010101010101010
1010101010101010
1010101010101010
1010101010101010
1010101010101010
1010101010101010
1010101010101010
1010101010101010
1010101010101010
1010101010101010
1010101010101010
1010101010101010
1010101010101010
1010101010101010
1010101010101010
1010101010101010
1010101010101010
1010101010101010
1010101010101010
1010101010101010
1010101010101010
1010101010101010
1010101010101010
1010101010101010
1010101010101010
1010101010101010
1010101010101010
1010101010101010
1010101010101010
1010101010101010
1010101010101010
1010101010101010
1010101010101010
1010101010101010
1010101010101010
1010101010101010
1010101010101010
1010101010101010
1010101010101010
1010101010101010
1010101010101010
1010101010101010
1010101010101010
1010101010101010
1010101010101010
1010101010101010
1010101010101010
1010101010101010
1010101010101010
1010101010101010
1010101010101010
1010101010101010
1010101010101010
1010101010101010
1010100000000000
1010100000000000
1010100000000000
1010100000000000
1010100000000000
1010100000000000
1010100000000000
1010100000000000
1010101010101010
1010101010101010
1010101010101010
1010101010101010
1010101010101010
1010101010101010
1010101010101010
1010101010101010
1010100000000000
1010100000000000
1010100000000000
1010100000000000
1010100000000000
1010100000000000
1010100000000000
1010100000000000
1010101010101010
1010101010101010
1010101010101010
1010101010101010
1010101010101010
1010101010101010
1010101010101010
1010101010101010
1010101010101010
1010101010101010
1010101010101010
1010101010101010
1010101010101010
1010101010101010
1010101010101010
1010101010101010
1010101010101010
1010101010101010
1010101010101010
1010101010101010
1010101010101010
1010101010101010
1010101010101010
1010101010101010
1010101010101010
1010101010101010
1010101010101010
1010101010101010
1010101010101010
1010101010101010
1010101010101010
1010101010101010
1010101010101010
1010101010101010
1010101010101010
1010101010101010
1010101010101010
1010101010101010
1010101010101010
1010101010101010
1010101010101010
1010101010101010
1010101010101010
1010101010101010
1010101010101010
1010101010101010
1010101010101010
1010101010101010
1010101010101010
1010101010101010
1010101010101010
1010101010101010
1010101010101010
1010101010101010
1010101010101010
1010101010101010
1010101010101010
1010101010101010
1010101010101010
1010101010101010
1010101010101010
1010101010101010
1010101010101010
1010101010101010
1010101010101010
1010101010101010
1010101010101010
1010101010101010
1010101010101010
1010101010101010
1010101010101010
1010101010101010
1010101010101010
1010101010101010
1010101010101010
1010101010101010
1010101010101010
1010101010101010
1010101010101010
1010101010101010
1010101010101010
1010101010101010
1010101010101010
1010101010101010
1010101010101010
1010101010101010
1010101010101010
1010101010101010
1010101010101010
1010101010101010
1010101010101010
1010101010101010
1010101010101010
1010101010101010
1010101010101010
1010101010101010
1010101010101010
1010101010101010
1010101010101010
1010101010101010
1010101010101010
1010101010101010
1010101010101010
1010101010101010
1010100000000000
1010100000000000
1010100000000000
1010100000000000
1010100000000000
1010100000000000
1010100000000000
1010100000000000
1010101010101010
1010101010101010
1010101010101010
1010101010101010
1010101010101010
1010101010101010
1010101010101010
1010101010101010
1010100000000000
1010100000000000
1010100000000000
1010100000000000
1010100000000000
1010100000000000
1010100000000000
1010100000000000
1010101010101010
1010101010101010
1010101010101010
1010101010101010
1010101010101010
1212121212121212
1010101010101010
1010101010101010
1010101010101010
1010101010101010
1010101010101010
1010101010101010
1010101010101010
1212121212121212
1010101010101010
1010101010101010
1010101010101010
1010101010101010
1010101010101010
1010101010101010
1010101010101010
1010101010101010
1010101010101010
1010101010101010
1010101010101010
1010101010101010
1010101010101010
1010101010101010
1010101010101010
1010101010101010
1010101010101010
1010101010101010
1010101010101010
1010101010101010
1010101010101010
1010101010101010
1010101010101010
1212121212121212
1010101010101010
1010101010101010
1010101010101010
1010101010101010
1010101010101010
1010101010101010
1010101010101010
1212121212121212
1010101010101010
1010101010101010
1010101010101010
1010101010101010
1010101010101010
1010101010101010
1010101010101010
1010101010101010
1010101010101010
1010101010101010
1010101010101010
1010101010101010
1010101010101010
1010101010101010
1010101010101010
1010101010101010
1010101010101010
1010101010101010
1010101010101010
1010101010101010
1010101010101010
1010101010101010
1010101010101010
1212121212121212
1010101010101010
1010101010101010
1010101010101010
1010101010101010
1010101010101010
1010101010101010
1010101010101010
1212121212121212
1010101010101010
1010101010101010
1010101010101010
1010101010101010
1010101010101010
1010101010101010
1010101010101010
1010101010101010
1010101010101010
1010101010101010
1010101010101010
1010101010101010
1010101010101010
1010101010101010
1010101010101010
1010101010101010
1010101010101010
1010101010101010
1010101010101010
1010101010101010
1010101010101010
1010101010101010
1010101010101010
1212121212121212
1010101010101010
1010101010101010
1010100000000000
1010100000000000
1010100000000000
1010100000000000
1010100000000000
1212120000000000
1010100000000000
1010100000000000
1010101010101010
1010101010101010
1010101010101010
1010101010101010
1010101010101010
1010101010101010
1010101010101010
1010101010101010
1010100000000000
1010100000000000
1010100000000000
1010100000000000
1010100000000000
1010100000000000
1010100000000000
1010100000000000
1010101010101010
1010101010101010
1010101010101010
1010101010101010
1010101010101010
1010101010101010
1010101010101010
1010101010101010
1010101010101010
1010101010101010
1010101010101010
1010101010101010
1010101010101010
1010101010101010
1010101010101010
1010101010101010
1010101010101010
1010101010101010
1010101010101010
1010101010101010
1010101010101010
1010101010101010
1010101010101010
1010101010101010
1010101010101010
1010101010101010
1010101010101010
1010101010101010
1010101010101010
1010101010101010
1010101010101010
1010101010101010
1010101010101010
1010101010101010
1010101010101010
1010101010101010
1010101010101010
1010101010101010
1010101010101010
1010101010101010
1010101010101010
1010101010101010
1010101010101010
1010101010101010
1010101010101010
1010101010101010
1010101010101010
1010101010101010
1010101010101010
1010101010101010
1010101010101010
1010101010101010
1010101010101010
1010101010101010
1010101010101010
1010101010101010
1010101010101010
1010101010101010
1010101010101010
1010101010101010
1010101010101010
1010101010101010
1010101010101010
1010101010101010
1010101010101010
1010101010101010
1010101010101010
1010101010101010
1010101010101010
1010101010101010
1010101010101010
1010101010101010
1010101010101010
1010101010101010
1010101010101010
1010101010101010
1010101010101010
1010101010101010
1010101010101010
1010101010101010
1010101010101010
1010101010101010
1010101010101010
1010101010101010
1010101010101010
1010101010101010
1010101010101010
1010101010101010
1010101010101010
1010101010101010
1010101010101010
1010101010101010
1010101010101010
1010101010101010
1010101010101010
1010101010101010
1010101010101010
1010101010101010
1010101010101010
1010101010101010
1010101010101010
1010101010101010
1010101010101010
1010101010101010
1010100000000000
1010100000000000
1010100000000000
1010100000000000
1010100000000000
1010100000000000
1010100000000000
1010100000000000
1010101010101010
1010101010101010
1010101010101010
1010101010101010
1010101010101010
1010101010101010
1010101010101010
1010101010101010
1010100000000000
1010100000000000
1010100000000000
1010100000000000
1010100000000000
1010100000000000
1010100000000000
1010100000000000
1010101010101010
1010101010101010
1010101010101010
1010101010101010
1010101010101010
1010101010101010
1010101010101010
1010101010101010
1010101010101010
1010101010101010
1010101010101010
1010101010101010
1010101010101010
1010101010101010
1010101010101010
1010101010101010
1010101010101010
1010101010101010
1010101010101010
1010101010101010
1010101010101010
1010101010101010
1010101010101010
1010101010101010
1010101010101010
1010101010101010
1010101010101010
1010101010101010
1010101010101010
1010101010101010
1010101010101010
1010101010101010
1010101010101010
1010101010101010
1010101010101010
1010101010101010
1010101010101010
1010101010101010
1010101010101010
1010101010101010
1010101010101010
1010101010101010
1010101010101010
1010101010101010
1010101010101010
1010101010101010
1010101010101010
1010101010101010
1010101010101010
1010101010101010
1010101010101010
1010101010101010
1010101010101010
1010101010101010
1010101010101010
1010101010101010
1010101010101010
1010101010101010
1010101010101010
1010101010101010
1010101010101010
1010101010101010
1010101010101010
1010101010101010
1010101010101010
1010101010101010
1010101010101010
1010101010101010
1010101010101010
1010101010101010
1010101010101010
1010101010101010
1010101010101010
1010101010101010
1010101010101010
1010101010101010
1010101010101010
1010101010101010
1010101010101010
1010101010101010
1010101010101010
1010101010101010
1010101010101010
1010101010101010
1010101010101010
1010101010101010
1010101010101010
1010101010101010
1010101010101010
1010101010101010
1010101010101010
1010101010101010
1010101010101010
1010101010101010
1010101010101010
1010101010101010
1010101010101010
1010101010101010
1010101010101010
1010101010101010
1010101010101010
1010101010101010
1010101010101010
1010101010101010
1010100000000000
1010100000000000
1010100000000000
1010100000000000
1010100000000000
1010100000000000
1010100000000000
1010100000000000
1010101010101010
1010101010101010
1010101010101010
1010101010101010
1010101010101010
1010101010101010
1010101010101010
1010101010101010
1010100000000000
1010100000000000
1010100000000000
1010100000000000
1010100000000000
1010100000000000
1010100000000000
1010100000000000
1010101010101010
1010101010101010
1010101010101010
1010101010101010
1010101010101010
1010101010101010
1010101010101010
1010101010101010
1010101010101010
1010101010101010
1010101010101010
1010101010101010
1010101010101010
1010101010101010
1010101010101010
1010101010101010
1212121212121212
1212101010101010
1212101010101010
1212101010101010
1212101010101010
1212101010101010
1212101010101010
1212101010101010
1212121212121212
1010101010101210
1010101010101210
1010101010101210
1010101010101210
1010101010101210
1010101010101210
1010101010101210
1010101010101010
1010101010101010
1010101010101010
1010101010101010
1010101010101010
1010101010101010
1010101010101010
1010101010101010
1010101010101010
1010101010101010
1010101010101010
1010101010101010
1010101010101010
1010101010101010
1010101010101010
1010101010101010
1212121212121212
1010101010101010
1010101010101010
1010101010101010
1010101010101010
1010101010101010
1010101010101010
1010101010101010
1212121212121212
1010121010121210
1010121010121210
1010121010121210
1010121010121210
1010121010121210
1010121010121210
1010121010121210
1010101010101010
1010101010101010
1010101010101010
1010101010101010
1010101010101010
1010101010101010
1010101010101010
1010101010101010
1010101010101010
1010101010101010
1010101010101010
1010101010101010
1010101010101010
1010101010101010
1010101010101010
1010101010101010
1212121212121212
1210101010101010
1210101010101010
1210101010101010
1210101010101010
1210101010101010
1210101010101010
1210101010101010
1212121212121212
1010101012101010
1010101012101010
1010101012101010
1010101012101010
1010101012101010
1010101012101010
1010101012101010
1010101010101010
1010101010101010
1010101010101010
1010101010101010
1010101010101010
1010101010101010
1010101010101010
1010101010101010
1010100000000000
1010100000000000
1010100000000000
1010100000000000
1010100000000000
1010100000000000
1010100000000000
1010100000000000
1212121212121212
1010101010101010
1010101010101010
1010101010101010
1010101010101010
1010101010101010
1010101010101010
1010101010101010
1212120000000000
1010120000000000
1010120000000000
1010120000000000
1010120000000000
1010120000000000
1010120000000000
1010120000000000
1212101010101010
1212101010101010
1212101010101010
1212101010101010
1212101010101010
1212101010101010
1212101010101010
1212101010101010
1010101010101210
1010101010101210
1010101010101210
1010101010101210
1010101010101210
1010101010101210
1010101010101210
1010101010101210
1212101010101010
1212101010101010
1212101010101010
1212101010101010
1212101010101010
1212101010101010
1212101010101010
1212101010101010
1010101010101210
1010101010101210
1010101010101210
1010101010101210
1010101010101210
1010101010101210
1010101010101210
1010101010101210
1010101010101010
1010101010101010
1010101010101010
1010101010101010
1010101010101010
1010101010101010
1010101010101010
1010101010101010
1010121010121210
1010121010121210
1010121010121210
1010121010121210
1010121010121210
1010121010121210
1010121010121210
1010121010121210
1010101010101010
1010101010101010
1010101010101010
1010101010101010
1010101010101010
1010101010101010
1010101010101010
1010101010101010
1010121010121210
1010121010121210
1010121010121210
1010121010121210
1010121010121210
1010121010121210
1010121010121210
1010121010121210
1210101010101010
1210101010101010
1210101010101010
1210101010101010
1210101010101010
1210101010101010
1210101010101010
1210101010101010
1010101012101010
1010101012101010
1010101012101010
1010101012101010
1010101012101010
1010101012101010
1010101012101010
1010101012101010
1210101010101010
1210101010101010
1210101010101010
1210101010101010
1210101010101010
1210101010101010
1210101010101010
1210101010101010
1010101012101010
1010101012101010
1010101012101010
1010101012101010
1010101012101010
1010101012101010
1010101012101010
1010101012101010
1010101010101010
1010101010101010
1010101010101010
1010101010101010
1010101010101010
1010101010101010
1010101010101010
1010101010101010
1010120000000000
1010120000000000
1010120000000000
1010120000000000
1010120000000000
1010120000000000
1010120000000000
1010120000000000
1010101010101010
1010101010101010
1010101010101010
1010101010101010
1010101010101010
1010101010101010
1010101010101010
1010101010101010
1010120000000000
1010120000000000
1010120000000000
1010120000000000
1010120000000000
1010120000000000
1010120000000000
1010120000000000
1212101010101010
1212101010101010
1212101010101010
1212101010101010
1212101010101010
1212101010101010
1212101010101010
1212101010101010
1010101010101210
1010101010101210
1010101010101210
1010101010101210
1010101010101210
1010101010101210
1010101010101210
1010101010101210
1212101010101010
1212101010101010
1212101010101010
1212101010101010
1212101010101010
1212101010101010
1212101010101010
1212101010101010
1010101010101210
1010101010101210
1010101010101210
1010101010101210
1010101010101210
1010101010101210
1010101010101210
1010101010101210
1010101010101010
1010101010101010
1010101010101010
1010101010101010
1010101010101010
1010101010101010
1010101010101010
1010101010101010
1010121010121210
1010121010121210
1010121010121210
1010121010121210
1010121010121210
1010121010121210
1010121010121210
1010121010121210
1010101010101010
1010101010101010
1010101010101010
1010101010101010
1010101010101010
1010101010101010
1010101010101010
1010101010101010
1010121010121210
1010121010121210
1010121010121210
1010121010121210
1010121010121210
1010121010121210
1010121010121210
1010121010121210
1210101010101010
1210101010101010
1210101010101010
1210101010101010
1210101010101010
1210101010101010
1210101010101010
1210101010101010
1010101012101010
1010101012101010
1010101012101010
1010101012101010
1010101012101010
1010101012101010
1010101012101010
1010101012101010
1210101010101010
1210101010101010
1210101010101010
1210101010101010
1210101010101010
1210101010101010
1210101010101010
1210101010101010
1010101012101010
1010101012101010
1010101012101010
1010101012101010
1010101012101010
1010101012101010
1010101012101010
1010101012101010
1010101010101010
1010101010101010
1010101010101010
1010101010101010
1010101010101010
1010101010101010
1010101010101010
1010101010101010
1010120000000000
1010120000000000
1010120000000000
1010120000000000
1010120000000000
1010120000000000
1010120000000000
1010120000000000
1010101010101010
1010101010101010
1010101010101010
1010101010101010
1010101010101010
1010101010101010
1010101010101010
1010101010101010
1010120000000000
1010120000000000
1010120000000000
1010120000000000
1010120000000000
1010120000000000
1010120000000000
1010120000000000
1212101010101010
1212101010101010
1212101010101010
1212101010101010
1212101010101010
1212101010101010
1212101010101010
1212101010101010
1010101010101210
1010101010101210
1010101010101210
1010101010101210
1010101010101210
1010101010101210
1010101010101210
1010101010101210
1212101010101010
1212101010101010
1212101010101010
0000000000000000
0000000000000000
0000000000000000
0000000000000000
0000000000000000
1010101010101210
1010101010101210
1010101010101210
0000000000000000
0000000000000000
0000000000000000
0000000000000000
0000000000000000
1010101010101010
1010101010101010
1010101010101010
1010101010101010
1010101010101010
1010101010101010
1010101010101010
1010101010101010
1010121010121210
1010121010121210
1010121010121210
1010121010121210
1010121010121210
1010121010121210
1010121010121210
1010121010121210
1010101010101010
1010101010101010
1010101010101010
0000000000000000
0000000000000000
0000000000000000
0000000000000000
0000000000000000
1010121010121210
1010121010121210
1010121010121210
0000000000000000
0000000000000000
0000000000000000
0000000000000000
0000000000000000
1210101010101010
1210101010101010
1210101010101010
1210101010101010
1210101010101010
1210101010101010
1210101010101010
1210101010101010
1010101012101010
1010101012101010
1010101012101010
1010101012101010
1010101012101010
1010101012101010
1010101012101010
1010101012101010
1210101010101010
1210101010101010
1210101010101010
0000000000000000
0000000000000000
0000000000000000
0000000000000000
0000000000000000
1010101012101010
1010101012101010
1010101012101010
0000000000000000
0000000000000000
0000000000000000
0000000000000000
0000000000000000
1010101010101010
1010101010101010
1010101010101010
1010101010101010
1010101010101010
1010101010101010
1010101010101010
1010101010101010
1010120000000000
1010120000000000
1010120000000000
1010120000000000
1010120000000000
1010120000000000
1010120000000000
1010120000000000
1010101010101010
1010101010101010
1010101010101010
0000000000000000
0000000000000000
0000000000000000
0000000000000000
0000000000000000
1010120000000000
1010120000000000
1010120000000000
0000000000000000
0000000000000000
0000000000000000
0000000000000000
0000000000000000
0000000000000000
0000000000000000
0000000000000000
0000000000000000
0000000000000000
0000000000000000
0000000000000000
0000000000000000
0000000000000000
0000000000000000
0000000000000000
0000000000000000
0000000000000000
0000000000000000
0000000000000000
0000000000000000
0000000000000000
0000000000000000
0000000000000000
0000000000000000
0000000000000000
0000000000000000
0000000000000000
0000000000000000
0000000000000000
0000000000000000
0000000000000000
0000000000000000
0000000000000000
0000000000000000
0000000000000000
0000000000000000
0000000000000000
0000000000000000
0000000000000000
0000000000000000
0000000000000000
0000000000000000
0000000000000000
0000000000000000
0000000000000000
0000000000000000
0000000000000000
0000000000000000
0000000000000000
0000000000000000
0000000000000000
0000000000000000
0000000000000000
0000000000000000
0000000000000000
0000000000000000
0000000000000000
0000000000000000
0000000000000000
0000000000000000
0000000000000000
0000000000000000
0000000000000000
0000000000000000
0000000000000000
0000000000000000
0000000000000000
0000000000000000
0000000000000000
0000000000000000
0000000000000000
0000000000000000
0000000000000000
0000000000000000
0000000000000000
0000000000000000
0000000000000000
0000000000000000
0000000000000000
0000000000000000
0000000000000000
0000000000000000
0000000000000000
0000000000000000
0000000000000000
0000000000000000
0000000000000000
0000000000000000
0000000000000000
0000000000000000
0000000000000000
0000000000000000
0000000000000000
0000000000000000
0000000000000000
0000000000000000
0000000000000000
0000000000000000
0000000000000000
0000000000000000
0000000000000000
0000000000000000
0000000000000000
0000000000000000
0000000000000000
0000000000000000
0000000000000000
0000000000000000
0000000000000000
0000000000000000
0000000000000000
0000000000000000
0000000000000000
0000000000000000
0000000000000000
0000000000000000
0000000000000000
0000000000000000
0000000000000000
0000000000000000
0000000000000000
0000000000000000
0000000000000000
0000000000000000
0000000000000000
0000000000000000
0000000000000000
0000000000000000
0000000000000000
0000000000000000
0000000000000000
0000000000000000
0000000000000000
0000000000000000
0000000000000000
0000000000000000
0000000000000000
0000000000000000
0000000000000000
0000000000000000
0000000000000000
0000000000000000
0000000000000000
0000000000000000
0000000000000000
0000000000000000
0000000000000000
0000000000000000
0000000000000000
0000000000000000
0000000000000000
0000000000000000
0000000000000000
0000000000000000
0000000000000000
0000000000000000
0000000000000000
0000000000000000
0000000000000000
0000000000000000
0000000000000000
0000000000000000
0000000000000000
0000000000000000
0000000000000000
0000000000000000
0000000000000000
0000000000000000
0000000000000000
0000000000000000
0000000000000000
0000000000000000
0000000000000000
0000000000000000
0000000000000000
0000000000000000
0000000000000000
0000000000000000
0000000000000000
0000000000000000
0000000000000000
0000000000000000
0000000000000000
0000000000000000
0000000000000000
0000000000000000
0000000000000000
0000000000000000
0000000000000000
0000000000000000
0000000000000000
0000000000000000
0000000000000000
0000000000000000
0000000000000000
0000000000000000
0000000000000000
0000000000000000
0000000000000000
0000000000000000
0000000000000000
0000000000000000
0000000000000000
0000000000000000
0000000000000000
0000000000000000
0000000000000000
0000000000000000
0000000000000000
0000000000000000
0000000000000000
0000000000000000
0000000000000000
0000000000000000
0000000000000000
0000000000000000
0000000000000000
0000000000000000
0000000000000000
0000000000000000
0000000000000000
0000000000000000
0000000000000000
0000000000000000
0000000000000000
0000000000000000
0000000000000000
0000000000000000
0000000000000000
0000000000000000
0000000000000000
0000000000000000
0000000000000000
0000000000000000
0000000000000000
0000000000000000
0000000000000000
0000000000000000
0000000000000000
0000000000000000
0000000000000000
0000000000000000
0000000000000000
0000000000000000
0000000000000000
0000000000000000
0000000000000000
0000000000000000
0000000000000000
0000000000000000
0000000000000000
0000000000000000
0000000000000000
0000000000000000
0000000000000000
0000000000000000
0000000000000000
0000000000000000
0000000000000000
0000000000000000
0000000000000000
0000000000000000
0000000000000000
0000000000000000
0000000000000000
0000000000000000
0000000000000000
0000000000000000
0000000000000000
0000000000000000
0000000000000000
0000000000000000
0000000000000000
0000000000000000
0000000000000000
0000000000000000
0000000000000000
0000000000000000
0000000000000000
0000000000000000
0000000000000000
0000000000000000
0000000000000000
0000000000000000
0000000000000000
0000000000000000
0000000000000000
0000000000000000
0000000000000000
0000000000000000
0000000000000000
0000000000000000
0000000000000000
0000000000000000
0000000000000000
0000000000000000
0000000000000000
0000000000000000
0000000000000000
0000000000000000
0000000000000000
0000000000000000
0000000000000000
0000000000000000
0000000000000000
0000000000000000
0000000000000000
0000000000000000
0000000000000000
0000000000000000
0000000000000000
0000000000000000
0000000000000000
0000000000000000
0000000000000000
0000000000000000
0000000000000000
0000000000000000
0000000000000000
0000000000000000
0000000000000000
0000000000000000
0000000000000000
0000000000000000
0000000000000000
0000000000000000
0000000000000000
0000000000000000
0000000000000000
0000000000000000
0000000000000000
0000000000000000
0000000000000000
0000000000000000
0000000000000000
0000000000000000
0000000000000000
0000000000000000
0000000000000000
0000000000000000
0000000000000000
0000000000000000
0000000000000000
0000000000000000
0000000000000000
0000000000000000
0000000000000000
0000000000000000
0000000000000000
0000000000000000
0000000000000000
0000000000000000
0000000000000000
0000000000000000
0000000000000000
0000000000000000
0000000000000000
0000000000000000
0000000000000000
0000000000000000
0000000000000000
0000000000000000
0000000000000000
0000000000000000
0000000000000000
0000000000000000
0000000000000000
0000000000000000
0000000000000000
0000000000000000
0000000000000000
0000000000000000
0000000000000000
0000000000000000
0000000000000000
0000000000000000
0000000000000000
0000000000000000
0000000000000000
0000000000000000
0000000000000000
0000000000000000
0000000000000000
0000000000000000
0000000000000000
0000000000000000
0000000000000000
0000000000000000
