@0000000080301000
1e1e1e1e1e1e1e1e
1e1e1e1e1e1e1e1e
1e1e1e1e1e1e1e1e
1e1e1e1e1e1e1e1e
1e1e1e1e1e1e1e1e
1e1e1e1e1e1e1e1e
1e1e1e1e1e1e1e1e
1e1e1e1e1e1e1e1e
1e1e1e1e1e1e1e1e
1e1e1e1e1e1e1e1e
1e1e1e1e1e1e1e1e
1e1e1e1e1e1e1e1e
1e1e1e1e1e1e1e1e
1e1e1e1e1e1e1e1e
1e1e1e1e1e1e1e1e
1e1e1e1e1e1e1e1e
1e1e1e1e1e1e1e1e
1e1e1e1e1e1e1e1e
1e1e1e1e1e1e1e1e
1e1e1e1e1e1e1e1e
1e1e1e1e1e1e1e1e
1e1e1e1e1e1e1e1e
1e1e1e1e1e1e1e1e
1e1e1e1e1e1e1e1e
1e1e1e1e1e1e1e1e
1e1e1e1e1e1e1e1e
1e1e1e1e1e1e1e1e
1e1e1e1e1e1e1e1e
1e1e1e1e1e1e1e1e
1e1e1e1e1e1e1e1e
1e1e1e1e1e1e1e1e
1e1e1e1e1e1e1e1e
1e1e1e1e1e1e1e1e
1e1e1e1e1e1e1e1e
1e1e1e1e1e1e1e1e
1e1e1e1e1e1e1e1e
1e1e1e1e1e1e1e1e
1e1e1e1e1e1e1e1e
1e1e1e1e1e1e1e1e
1e1e1e1e1e1e1e1e
1e1e1e1e1e1e1e1e
1e1e1e1e1e1e1e1e
1e1e1e1e1e1e1e1e
1e1e1e1e1e1e1e1e
1e1e1e1e1e1e1e1e
1e1e1e1e1e1e1e1e
1e1e1e1e1e1e1e1e
1e1e1e1e1e1e1e1e
1e1e1e1e1e1e1e1e
1e1e1e1e1e1e1e1e
1e1e1e1e1e1e1e1e
1e1e1e1e1e1e1e1e
1e1e1e1e1e1e1e1e
1e1e1e1e1e1e1e1e
1e1e1e1e1e1e1e1e
1e1e1e1e1e1e1e1e
1e1e1e1e1e1e1e1e
1e1e1e1e1e1e1e1e
1e1e1e1e1e1e1e1e
1e1e1e1e1e1e1e1e
1e1e1e1e1e1e1e1e
1e1e1e1e1e1e1e1e
1e1e1e1e1e1e1e1e
1e1e1e1e1e1e1e1e
1e1e1e1e1e1e1e1e
1e1e1e1e1e1e1e1e
1e1e1e1e1e1e1e1e
1e1e1e1e1e1e1e1e
1e1e1e1e1e1e1e1e
1e1e1e1e1e1e1e1e
1e1e1e1e1e1e1e1e
1e1e1e1e1e1e1e1e
1e1e1e1e1e1e1e1e
1e1e1e1e1e1e1e1e
1e1e1e1e1e1e1e1e
1e1e1e1e1e1e1e1e
1e1e1e1e1e1e1e1e
1e1e1e1e1e1e1e1e
1e1e1e1e1e1e1e1e
1e1e1e1e1e1e1e1e
1e1e1e1e1e1e1e1e
1e1e1e1e1e1e1e1e
1e1e1e1e1e1e1e1e
1e1e1e1e1e1e1e1e
1e1e1e1e1e1e1e1e
1e1e1e1e1e1e1e1e
1e1e1e1e1e1e1e1e
1e1e1e1e1e1e1e1e
1e1e1e1e1e1e1e1e
1e1e1e1e1e1e1e1e
1e1e1e1e1e1e1e1e
1e1e1e1e1e1e1e1e
1e1e1e1e1e1e1e1e
1e1e1e1e1e1e1e1e
1e1e1e1e1e1e1e1e
1e1e1e1e1e1e1e1e
1e1e1e1e1e1e1e1e
1e1e1e1e1e1e1e1e
1e1e1e1e1e1e1e1e
1e1e1e1e1e1e1e1e
1e1e1e1e1e1e1e1e
1e1e1e1e1e1e1e1e
1e1e1e1e1e1e1e1e
1e1e1e1e1e1e1e1e
1e1e1e0000000000
1e1e1e0000000000
1e1e1e0000000000
1e1e1e0000000000
1e1e1e0000000000
1e1e1e0000000000
1e1e1e0000000000
1e1e1e0000000000
1e1e1e1e1e1e1e1e
1e1e1e1e1e1e1e1e
1e1e1e1e1e1e1e1e
1e1e1e1e1e1e1e1e
1e1e1e1e1e1e1e1e
1e1e1e1e1e1e1e1e
1e1e1e1e1e1e1e1e
1e1e1e1e1e1e1e1e
1e1e1e0000000000
1e1e1e0000000000
1e1e1e0000000000
1e1e1e0000000000
1e1e1e0000000000
1e1e1e0000000000
1e1e1e0000000000
1e1e1e0000000000
1e1e1e1e1e1e1e1e
1e1e1e1e1e1e1e1e
1e1e1e1e1e1e1e1e
1e1e1e1e1e1e1e1e
1e1e1e1e1e1e1e1e
1e1e1e1e1e1e1e1e
1e1e1e1e1e1e1e1e
1e1e1e1e1e1e1e1e
1e1e1e1e1e1e1e1e
1e1e1e1e1e1e1e1e
1e1e1e1e1e1e1e1e
1e1e1e1e1e1e1e1e
1e1e1e1e1e1e1e1e
1e1e1e1e1e1e1e1e
1e1e1e1e1e1e1e1e
1e1e1e1e1e1e1e1e
1e1e1e1e1e1e1e1e
1818181818181818
1010101010101010
1010101010101010
1010101010101010
1010101010101010
1010101010101010
1010101010101010
1e1e1e1e1e1e1e1e
1818181818181818
1010101010101010
1010101010101010
1010101010101010
1010101010101010
1010101010101010
1010101010101010
1e1e1e1e1e1e1e1e
1e1e1e1e1e1e1e1e
1e1e1e1e1e1e1e1e
1e1e1e1e1e1e1e1e
1e1e1e1e1e1e1e1e
1e1e1e1e1e1e1e1e
1e1e1e1e1e1e1e1e
1e1e1e1e1e1e1e1e
1e1e1e1e1e1e1e1e
1e1e1e1e1e1e1e1e
1e1e1e1e1e1e1e1e
1e1e1e1e1e1e1e1e
1e1e1e1e1e1e1e1e
1e1e1e1e1e1e1e1e
1e1e1e1e1e1e1e1e
1e1e1e1e1e1e1e1e
1e1e1e1e1e1e1e1e
1818181818181818
1010101010101010
1010101010101010
1010101010101010
1010101010101010
1010101010101010
1010101010101010
1e1e1e1e1e1e1e1e
1818181818181818
1010101010101010
1010101010101010
1010101010101010
1010101010101010
1010101010101010
1010101010101010
1e1e1e1e1e1e1e1e
1e1e1e1e1e1e1e1e
1e1e1e1e1e1e1e1e
1e1e1e1e1e1e1e1e
1e1e1e1e1e1e1e1e
1e1e1e1e1e1e1e1e
1e1e1e1e1e1e1e1e
1e1e1e1e1e1e1e1e
1e1e1e1e1e1e1e1e
1e1e1e1e1e1e1e1e
1e1e1e1e1e1e1e1e
1e1e1e1e1e1e1e1e
1e1e1e1e1e1e1e1e
1e1e1e1e1e1e1e1e
1e1e1e1e1e1e1e1e
1e1e1e1e1e1e1e1e
1e1e1e1e1e1e1e1e
1818181818181818
1010101010101010
1010101010101010
1010101010101010
1010101010101010
1010101010101010
1010101010101010
1e1e1e1e1e1e1e1e
1818181818181818
1010101010101010
1010101010101010
1010101010101010
1010101010101010
1010101010101010
1010101010101010
1e1e1e1e1e1e1e1e
1e1e1e1e1e1e1e1e
1e1e1e1e1e1e1e1e
1e1e1e1e1e1e1e1e
1e1e1e1e1e1e1e1e
1e1e1e1e1e1e1e1e
1e1e1e1e1e1e1e1e
1e1e1e1e1e1e1e1e
1e1e1e0000000000
1e1e1e0000000000
1e1e1e0000000000
1e1e1e0000000000
1e1e1e0000000000
1e1e1e0000000000
1e1e1e0000000000
1e1e1e0000000000
1e1e1e1e1e1e1e1e
1818181818181818
1010101010101010
1010101010101010
1010101010101010
1010101010101010
1010101010101010
1010101010101010
1e1e1e0000000000
1818180000000000
1010100000000000
1010100000000000
1010100000000000
1010100000000000
1010100000000000
1010100000000000
1010101010101010
1010101010101010
1010101010101010
1010101010101010
1010101010101010
1010101010101010
1010101010101010
1010101010101010
1010101010101010
1010101010101010
1010101010101010
1010101010101010
1010101010101010
1010101010101010
1010101010101010
1010101010101010
1010101010101010
1010101010101010
1010101010101010
1010101010101010
1010101010101010
1010101010101010
1010101010101010
1010101010101010
1010101010101010
1010101010101010
1010101010101010
1010101010101010
1010101010101010
1010101010101010
1010101010101010
1010101010101010
1010101010101010
1010101010101010
1010101010101010
1010101010101010
1010101010101010
1010101010101010
1010101010101010
1010101010101010
1010101010101010
1010101010101010
1010101010101010
1010101010101010
1010101010101010
1010101010101010
1010101010101010
1010101010101010
1010101010101010
1010101010101010
1010101010101010
1010101010101010
1010101010101010
1010101010101010
1010101010101010
1010101010101010
1010101010101010
1010101010101010
1010101010101010
1010101010101010
1010101010101010
1010101010101010
1010101010101010
1010101010101010
1010101010101010
1010101010101010
1010101010101010
1010101010101010
1010101010101010
1010101010101010
1010101010101010
1010101010101010
1010101010101010
1010101010101010
1010101010101010
1010101010101010
1010101010101010
1010101010101010
1010101010101010
1010101010101010
1010101010101010
1010101010101010
1010101010101010
1010101010101010
1010101010101010
1010101010101010
1010101010101010
1010101010101010
1010101010101010
1010101010101010
1010101010101010
1010101010101010
1010101010101010
1010101010101010
1010101010101010
1010101010101010
1010101010101010
1010101010101010
1010101010101010
1010101010101010
1010101010101010
1010101010101010
1010101010101010
1010101010101010
1010100000000000
1010100000000000
1010100000000000
1010100000000000
1010100000000000
1010100000000000
1010100000000000
1010100000000000
1010101010101010
1010101010101010
1010101010101010
1010101010101010
1010101010101010
1010101010101010
1010101010101010
1010101010101010
1010100000000000
1010100000000000
1010100000000000
1010100000000000
1010100000000000
1010100000000000
1010100000000000
1010100000000000
1010101010101010
1010101010101010
1010101010101010
1010101010101010
1010101010101010
1010101010101010
1010101010101010
1010101010101010
1010101010101010
1010101010101010
1010101010101010
1010101010101010
1010101010101010
1010101010101010
1010101010101010
1010101010101010
1010101010101010
1010101010101010
1010101010101010
1010101010101010
1010101010101010
1010101010101010
1010101010101010
1010101010101010
1010101010101010
1010101010101010
1010101010101010
1010101010101010
1010101010101010
1010101010101010
1010101010101010
1010101010101010
1010101010101010
1010101010101010
1010101010101010
1010101010101010
1010101010101010
1010101010101010
1010101010101010
1010101010101010
1010101010101010
1010101010101010
1010101010121010
1010101010121010
1010101010121010
1010101010121010
1010101010121010
1010101010121010
1010101010101010
1010101010101010
1010101010101010
1010101010101010
1010101010101010
1010101010101010
1010101010101010
1010101010101010
1010101010121010
1010101010121010
1010101010121010
1010101010121010
1010101010121010
1010101010121010
1010101010121010
1010101010121010
1010101010101010
1010101010101010
1010101010101010
1010101010101010
1010101010101010
1010101010101010
1010101010101010
1010101010101010
1010101010101010
1010101010101010
1010101010101010
1010101010101010
1010101010101010
1010101010101010
1010101010101010
1010101010101010
1010101010101010
1010101010101010
1010101010101010
1010101010101010
1010101010101010
1010101010101010
1010101010101010
1010101010101010
1010101010101010
1010101010101010
1010101010101010
1010101010101010
1010101010101010
1010101010101010
1010101010101010
1010101010101010
1010101010101010
1010101010101010
1010101010101010
1010101010101010
1010101010101010
1010101010101010
1010101010101010
1010101010101010
1010100000000000
1010100000000000
1010100000000000
1010100000000000
1010100000000000
1010100000000000
1010100000000000
1010100000000000
1010101010101010
1010101010101010
1010101010101010
1010101010101010
1010101010101010
1010101010101010
1010101010101010
1010101010101010
1010100000000000
1010100000000000
1010100000000000
1010100000000000
1010100000000000
1010100000000000
1010100000000000
1010100000000000
1010101010101010
1010101010101010
1010101010101010
1010101010101010
1010101010101010
1010101010101010
1010101010101010
1010101010101010
1010101010101010
1010101010101010
1010101010101010
1010101010101010
1010101010101010
1010101010101010
1010101010101010
1010101010101010
1010101010101010
1010101010101010
1010101010101010
1010101010101010
1212121212121212
1212101010101010
1212101010101010
1212101010101010
1010101010101010
1010101010101010
1010101010101010
1010101010101010
1212121212121412
1010101010121412
1010101010121412
1010101010121412
1010101010101010
1010101010101010
1010101010101010
1010101010101010
1010101010101010
1010101010101010
1010101010101010
1010101010101010
1010101010121010
1010101010121010
1010101010121010
1010101010121010
1010101010121010
1010101010121010
1010101010121010
1010101010121010
1010101010101010
1010101010101010
1010101010101010
1010101010101010
1212121212121212
1010101010101010
1010101010101010
1010101010101010
1010101010121010
1010101010121010
1010101010121010
1010101010121010
1212121212141212
1010101010121210
1010101010121210
1010101010121210
1010101010101010
1010101010101010
1010101010101010
1010101010101010
1010101010101010
1010101010101010
1010101010101010
1010101010101010
1010101010101010
1010101010101010
1010101010101010
1010101010101010
1010101010101010
1010101010101010
1010101010101010
1010101010101010
1010101010101010
1010101010101010
1010101010101010
1010101010101010
1212121210121212
1210101010101010
1210101010101010
1210101010101010
1010101010101010
1010101010101010
1010101010101010
1010101010101010
1212121214121212
1012101014121012
1012101014121012
1012101014121012
1010101010101010
1010101010101010
1010101010101010
1010101010101010
1010101010101010
1010101010101010
1010101010101010
1010101010101010
1010100000000000
1010100000000000
1010100000000000
1010100000000000
1010100000000000
1010100000000000
1010100000000000
1010100000000000
1010101010101010
1010101010101010
1010101010101010
1010101010101010
1212121212121212
1010101010101010
1010101010101010
1010101010101010
1010100000000000
1010100000000000
1010100000000000
1010100000000000
1212120000000000
1010120000000000
1010120000000000
1010120000000000
1212101010101010
1212101010101010
1212101010101010
1212101010101010
1212101010101010
1212101010101010
1212101010101010
1212101010101010
1010101010121412
1010101010121412
1010101010121412
1010101010121412
1010101010121412
1010101010121412
1010101010121412
1010101010121412
1212101010101010
1212101010101010
1212101010101010
1212101010101010
1212101010101010
1212101010101010
1212101010101010
1212101010101010
1010101010121412
1010101010121412
1010101010121412
1010101010121412
1010101010121412
1010101010121412
1010101010121412
1010101010121412
1010101010101010
1010101010101010
1010101010101010
1010101010101010
1010101010101010
1010101010101010
1010101010101010
1010101010101010
1010101010121210
1010101010121210
1010101010121210
1010101010121210
1010101010121210
1010101010121210
1010101010121210
1010101010121210
1010101010101010
1010101010101010
1010101010101010
1010101010101010
1010101010101010
1010101010101010
1010101010101010
1010101010101010
1010101010121210
1010101010121210
1010101010121210
1010101010121210
1010101010121210
1010101010121210
1010101010121210
1010101010121210
1210101010101010
1210101010101010
1210101010101010
1210101010101010
1210101010101010
1210101010101010
1210101010101010
1210101010101010
1012101014121012
1012101014121012
1012101014121012
1012101014121012
1012101014121012
1012101014121012
1012101014121012
1012101014121012
1210101010101010
1210101010101010
1210101010101010
1210101010101010
1210101010101010
1210101010101010
1210101010101010
1210101010101010
1012101014121012
1012101014121012
1012101014121012
1012101014121012
1012101014121012
1012101014121012
1012101014121012
1012101014121012
1010101010101010
1010101010101010
1010101010101010
1010101010101010
1010101010101010
1010101010101010
1010101010101010
1010101010101010
1010120000000000
1010120000000000
1010120000000000
1010120000000000
1010120000000000
1010120000000000
1010120000000000
1010120000000000
1010101010101010
1010101010101010
1010101010101010
1010101010101010
1010101010101010
1010101010101010
1010101010101010
1010101010101010
1010120000000000
1010120000000000
1010120000000000
1010120000000000
1010120000000000
1010120000000000
1010120000000000
1010120000000000
1212101010101010
1212101010101010
1212101010101010
1212101010101010
1212101010101010
1010101010101010
0000000000000000
0000000000000000
1010101010121412
1010101010121412
1010101010121412
1010101010121412
1010101010121412
1010101010101210
0000000000000000
0000000000000000
0000000000000000
0000000000000000
0000000000000000
0000000000000000
0000000000000000
0000000000000000
0000000000000000
0000000000000000
0000000000000000
0000000000000000
0000000000000000
0000000000000000
0000000000000000
0000000000000000
0000000000000000
0000000000000000
1010101010101010
1010101010101010
1010101010101010
1010101010101010
1010101010101010
1010101010101010
0000000000000000
0000000000000000
1010101010121210
1010101010121210
1010101010121210
1010101010121210
1010101010121210
1010101010101010
0000000000000000
0000000000000000
0000000000000000
0000000000000000
0000000000000000
0000000000000000
0000000000000000
0000000000000000
0000000000000000
0000000000000000
0000000000000000
0000000000000000
0000000000000000
0000000000000000
0000000000000000
0000000000000000
0000000000000000
0000000000000000
1210101010101010
1210101010101010
1210101010101010
1210101010101010
1210101010101010
1010101010101010
0000000000000000
0000000000000000
1012101014121012
1012101014121012
1012101014121012
1012101014121012
1012101014121012
1010101012101010
0000000000000000
0000000000000000
0000000000000000
0000000000000000
0000000000000000
0000000000000000
0000000000000000
0000000000000000
0000000000000000
0000000000000000
0000000000000000
0000000000000000
0000000000000000
0000000000000000
0000000000000000
0000000000000000
0000000000000000
0000000000000000
1010101010101010
1010101010101010
1010101010101010
1010101010101010
1010101010101010
1010101010101010
0000000000000000
0000000000000000
1010120000000000
1010120000000000
1010120000000000
1010120000000000
1010120000000000
1010100000000000
0000000000000000
0000000000000000
0000000000000000
0000000000000000
0000000000000000
0000000000000000
0000000000000000
0000000000000000
0000000000000000
0000000000000000
0000000000000000
0000000000000000
0000000000000000
0000000000000000
0000000000000000
0000000000000000
0000000000000000
0000000000000000
0000000000000000
0000000000000000
0000000000000000
0000000000000000
0000000000000000
0000000000000000
0000000000000000
0000000000000000
0000000000000000
0000000000000000
0000000000000000
0000000000000000
0000000000000000
0000000000000000
0000000000000000
0000000000000000
0000000000000000
0000000000000000
0000000000000000
0000000000000000
0000000000000000
0000000000000000
0000000000000000
0000000000000000
0000000000000000
0000000000000000
0000000000000000
0000000000000000
0000000000000000
0000000000000000
0000000000000000
0000000000000000
0000000000000000
0000000000000000
0000000000000000
0000000000000000
0000000000000000
0000000000000000
0000000000000000
0000000000000000
0000000000000000
0000000000000000
0000000000000000
0000000000000000
0000000000000000
0000000000000000
0000000000000000
0000000000000000
0000000000000000
0000000000000000
0000000000000000
0000000000000000
0000000000000000
0000000000000000
0000000000000000
0000000000000000
0000000000000000
0000000000000000
0000000000000000
0000000000000000
0000000000000000
0000000000000000
0000000000000000
0000000000000000
0000000000000000
0000000000000000
0000000000000000
0000000000000000
0000000000000000
0000000000000000
0000000000000000
0000000000000000
0000000000000000
0000000000000000
0000000000000000
0000000000000000
0000000000000000
0000000000000000
0000000000000000
0000000000000000
0000000000000000
0000000000000000
0000000000000000
0000000000000000
0000000000000000
0000000000000000
0000000000000000
0000000000000000
0000000000000000
0000000000000000
0000000000000000
0000000000000000
0000000000000000
0000000000000000
0000000000000000
0000000000000000
0000000000000000
0000000000000000
0000000000000000
0000000000000000
0000000000000000
0000000000000000
0000000000000000
0000000000000000
0000000000000000
0000000000000000
0000000000000000
0000000000000000
0000000000000000
0000000000000000
0000000000000000
0000000000000000
0000000000000000
0000000000000000
0000000000000000
0000000000000000
0000000000000000
0000000000000000
0000000000000000
0000000000000000
0000000000000000
0000000000000000
0000000000000000
0000000000000000
0000000000000000
0000000000000000
0000000000000000
0000000000000000
